time, avg distance
[1...n] x_centroid, y_centroid, integrated intensity, intensity_centroid
 
0.061038 464.15
[1] 527.6708 742.4034 5722461 243
[2] 991.4577 760.7591 3517868 163
 
0.2228 464.11
[1] 528.1896 745.0351 5745893 247
[2] 991.9755 762.3512 3548982 162
 
0.37427 468.15
[1] 523.8614 745.7005 5731757 246
[2] 991.6929 762.8693 3529077 166
 
0.53297 464.22
[1] 527.4931 743.0038 5743482 242
[2] 991.2699 763.1764 3544691 168
 
0.69845 466.51
[1] 526.0756 743.6107 5754815 243
[2] 992.2282 761.8591 3557168 164
 
0.86064 464.34
[1] 527.5837 743.5537 5760655 243
[2] 991.516 763.0967 3566125 170
 
1.0528 465.7
[1] 526.5457 745.5868 5767409 249
[2] 991.925 762.7884 3569851 170
 
1.2069 465.67
[1] 526.6976 743.6272 5799211 250
[2] 992.1098 759.2509 3613517 167
 
1.3595 464.89
[1] 527.8484 742.1037 5847619 245
[2] 992.4382 758.7175 3664879 167
 
1.5644 464.09
[1] 528.8747 745.6876 5888314 249
[2] 992.6832 761.9014 3695771 173
 
1.7343 465.32
[1] 525.7863 746.9183 5900308 249
[2] 990.8678 761.8725 3704202 181
 
1.905 464.7
[1] 525.6935 745.1927 5919128 248
[2] 990.1007 761.578 3717002 174
 
2.0742 465.38
[1] 527.299 745.2073 5916927 253
[2] 992.3834 761.6893 3711118 171
 
2.2593 464.22
[1] 526.7852 745.57 5898025 252
[2] 990.7176 761.8129 3681279 176
 
2.5334 464.86
[1] 526.2629 744.7425 5883410 247
[2] 990.7869 762.3576 3656910 178
 
2.8013 464.3
[1] 527.2313 746.2923 5881220 249
[2] 991.2268 763.0994 3653233 176
 
2.9705 464.8
[1] 526.4649 744.7524 5889374 245
[2] 990.9358 762.3338 3669707 178
 
3.1448 465.47
[1] 526.1206 746.6909 5908264 250
[2] 991.31 762.823 3712593 181
 
3.3251 467.22
[1] 525.1374 742.1632 5930450 248
[2] 992.0019 760.3473 3741921 177
 
3.4989 465.47
[1] 526.8398 744.641 5959237 250
[2] 992.0049 761.4408 3779568 177
 
3.6615 465.06
[1] 526.1612 743.5516 5944779 249
[2] 990.9594 759.0477 3771724 175
 
3.8532 465.02
[1] 525.9903 746.7557 5966377 249
[2] 990.675 764.3682 3805592 182
 
4.0231 466.07
[1] 526.6497 745.8529 5914777 250
[2] 992.4053 763.0142 3718082 175
 
4.1918 461.96
[1] 527.5202 749.2954 5920566 244
[2] 989.2298 764.4632 3722670 177
 
4.352 461.69
[1] 528.7953 743.6479 5887685 253
[2] 990.1367 761.4804 3669234 171
 
4.519 463.69
[1] 526.9534 745.3071 5878413 249
[2] 990.3586 761.667 3671807 173
 
4.6836 464.54
[1] 525.5088 741.6964 5880263 243
[2] 989.735 758.6726 3675970 174
 
4.8539 461.46
[1] 527.7633 747.4305 5855347 246
[2] 988.9623 762.9822 3650470 171
 
5.0528 460.78
[1] 527.6728 742.8011 5843381 244
[2] 988.0673 761.5428 3630180 169
 
5.2194 461.01
[1] 527.9377 743.2045 5833087 247
[2] 988.5211 763.0548 3627352 169
 
5.4251 459.51
[1] 517.1912 751.6993 5885483 253
[2] 976.4466 766.948 3686773 171
 
5.5856 461.82
[1] 504.7707 762.3149 5904243 245
[2] 966.2898 779.0051 3706398 180
 
5.8374 460.87
[1] 506.355 761.9083 5916200 249
[2] 966.9559 777.5179 3720105 171
 
6.0187 461.75
[1] 504.0663 761.4419 5935578 252
[2] 965.5578 776.8696 3744930 176
 
6.1875 459.61
[1] 506.5542 757.6913 5912067 245
[2] 965.8966 773.413 3726076 179
 
6.3487 462.92
[1] 504.6553 760.5106 5900331 239
[2] 967.2913 776.7851 3718185 172
 
6.5517 458.56
[1] 506.664 759.5134 5907529 244
[2] 964.9533 775.1552 3736268 176
 
6.7186 461.29
[1] 503.179 758.3786 5903062 251
[2] 964.1559 775.3434 3723080 169
 
6.9001 460.74
[1] 504.9589 756.1155 5923350 248
[2] 965.4291 772.0095 3752967 174
 
7.0795 458.96
[1] 504.8287 760.4899 5927047 245
[2] 963.5251 775.9982 3760284 176
 
7.2495 459.27
[1] 506.8859 753.9743 5931969 249
[2] 965.8298 771.1988 3756389 173
 
7.4757 458.59
[1] 505.1747 757.914 5931054 249
[2] 963.5022 773.4799 3765226 169
 
7.6511 457.29
[1] 507.1513 754.9541 5909695 244
[2] 964.1654 770.7048 3728368 168
 
7.8197 459.59
[1] 506.3294 755.9678 5919918 249
[2] 965.6104 772.7325 3755113 179
 
8.0625 458.36
[1] 505.3407 754.1521 5951527 251
[2] 963.3414 772.2526 3782809 172
 
8.2677 457.51
[1] 506.8535 755.7224 5961845 249
[2] 964.1397 770.0338 3806104 176
 
8.4757 458.73
[1] 501.3462 765.7361 5969630 248
[2] 959.8992 778.627 3855876 168
 
8.7603 453.53
[1] 498.419 770.2158 5980012 242
[2] 951.7803 782.6034 3880873 172
 
8.9328 455.71
[1] 497.0239 765.0519 5979423 245
[2] 952.485 780.1155 3864586 173
 
9.1142 457.67
[1] 497.3304 764.3488 6010808 249
[2] 954.6977 780.8675 3900794 172
 
9.2882 456.58
[1] 496.7875 770.7197 5957324 247
[2] 953.1845 783.6236 3874456 174
 
9.4762 456.71
[1] 496.7817 766.8688 5973032 244
[2] 953.2405 781.9555 3896692 179
 
9.6622 453.93
[1] 496.9941 767.7196 5984535 250
[2] 950.7786 779.0861 3901573 174
 
9.8317 454.86
[1] 497.9254 770.5751 5972141 247
[2] 952.6143 783.0465 3918192 168
 
10.004 456.08
[1] 495.9781 768.02 6010342 250
[2] 951.8749 780.8806 3930093 171
 
10.176 456.25
[1] 495.3896 766.4292 6016966 250
[2] 951.4918 778.1762 3941784 172
 
10.357 455.42
[1] 492.9454 773.5485 6018299 255
[2] 948.2632 783.0217 3957135 172
 
10.538 456.12
[1] 495.3055 768.9939 6023008 252
[2] 951.2926 779.8471 3947407 170
 
10.723 458.55
[1] 491.7873 776.8797 6024294 246
[2] 950.2223 787.0264 3970346 168
 
10.883 457.72
[1] 484.9793 780.9423 6050954 255
[2] 942.609 789.883 4004840 174
 
11.056 459.98
[1] 484.0549 779.2692 6102815 255
[2] 943.9501 788.2314 4053404 169
 
11.22 459.07
[1] 486.3359 773.3353 6132199 255
[2] 945.272 784.5871 4068598 170
 
11.404 460.68
[1] 486.1644 780.1047 6148946 255
[2] 946.753 789.0281 4104807 178
 
11.585 459.91
[1] 487.4975 772.5585 6193846 255
[2] 947.2935 782.7137 4137477 177
 
11.756 461.46
[1] 487.1199 776.0467 6202125 255
[2] 948.4884 785.2399 4147896 174
 
11.92 461.76
[1] 487.0917 777.7244 6215303 255
[2] 948.7638 786.7535 4177309 174
 
12.091 457.06
[1] 485.8231 776.5336 6196528 255
[2] 942.8525 782.0697 4153638 181
 
12.256 457.39
[1] 486.0599 775.6776 6218952 255
[2] 943.3544 785.2139 4171310 177
 
12.437 456.41
[1] 486.9545 777.5544 6208092 255
[2] 943.3303 782.8593 4170230 176
 
12.611 458.17
[1] 487.747 775.7467 6210569 255
[2] 945.8752 782.2104 4179228 174
 
12.781 462.22
[1] 486.9199 775.0956 6207550 255
[2] 948.9962 786.5725 4152337 173
 
12.953 455.43
[1] 488.3621 780.2542 6189641 255
[2] 943.696 789.5906 4157672 172
 
13.126 461.02
[1] 486.9688 778.6845 6171629 255
[2] 947.9071 787.3547 4147453 171
 
13.3 461.48
[1] 486.9016 776.006 6171662 255
[2] 948.2609 786.3797 4139773 178
 
13.495 462.14
[1] 485.4864 777.8491 6165851 255
[2] 947.5308 787.0392 4135508 173
 
13.677 460.2
[1] 479.0395 787.3054 6178008 255
[2] 939.1425 796.9004 4144608 172
 
13.859 459.88
[1] 477.1646 785.2673 6169783 255
[2] 936.9503 794.4395 4135756 173
 
14.016 456.23
[1] 473.9909 791.5632 6159993 255
[2] 930.0781 802.9468 4109679 170
 
14.175 457.28
[1] 474.2696 786.4689 6161000 255
[2] 931.4564 795.6078 4120854 172
 
14.336 452.72
[1] 474.0554 786.5071 6167207 255
[2] 926.6458 797.4336 4111935 172
 
14.516 453.37
[1] 474.9989 786.3714 6191712 255
[2] 928.1969 799.0004 4133418 170
 
14.685 452.94
[1] 475.94 790.5609 6184553 255
[2] 928.7188 802.8034 4122257 178
 
14.848 452.45
[1] 476.8442 789.6551 6174159 255
[2] 929.151 801.1079 4124866 170
 
15.008 453.88
[1] 475.786 789.8268 6142009 255
[2] 929.543 800.4068 4101207 176
 
15.161 456
[1] 475.8408 790.5588 6137783 255
[2] 931.7497 799.8234 4108161 172
 
15.324 452.64
[1] 476.3414 790.8852 6119851 255
[2] 928.8159 803.0439 4074701 174
 
15.499 451.68
[1] 475.5189 789.077 6153087 255
[2] 927.0628 800.1962 4110984 169
 
15.678 451.75
[1] 475.7725 788.0014 6192077 255
[2] 927.348 800.5823 4141408 177
 
15.858 456.08
[1] 475.911 788.7666 6209268 255
[2] 931.8773 798.9561 4185890 181
 
16.028 456.66
[1] 474.9129 786.0351 6215169 255
[2] 931.4522 796.6324 4187420 172
 
16.195 451.93
[1] 473.4562 790.3288 6213812 255
[2] 925.2043 803.1271 4166470 178
 
16.372 453.41
[1] 473.7183 792.2127 6155983 255
[2] 926.9526 804.8614 4115602 175
 
16.544 451.84
[1] 473.5083 792.1504 6147966 255
[2] 925.1831 804.4236 4113923 178
 
16.729 454.5
[1] 473.4059 792.3531 6128794 255
[2] 927.7346 804.8396 4112983 172
 
16.912 452.81
[1] 473.388 794.425 6116166 255
[2] 926.0302 806.8974 4096798 176
 
17.089 454.48
[1] 467.5835 797.8222 6096197 255
[2] 921.9112 809.6857 4077934 173
 
17.262 453.7
[1] 459.5392 801.0037 6136177 255
[2] 913.0867 812.8817 4107072 173
 
17.452 451.31
[1] 460.7077 800.8531 6113087 255
[2] 911.8854 811.7289 4080767 167
 
17.638 453.42
[1] 460.3999 803.255 6109683 255
[2] 913.6839 814.5128 4076644 175
 
17.82 452.03
[1] 460.7073 799.7736 6104642 255
[2] 912.5593 812.6152 4065323 172
 
17.987 452.14
[1] 460.7384 801.0061 6094396 255
[2] 912.6875 814.2548 4040194 172
 
18.169 453.14
[1] 461.0951 802.0009 6084770 255
[2] 914.0854 813.6475 4054056 171
 
18.338 453.82
[1] 460.6231 803.1252 6071233 255
[2] 914.2818 815.305 4034907 174
 
18.525 453.44
[1] 461.2342 801.7441 6062238 255
[2] 914.5308 813.2172 4033256 169
 
18.711 452.36
[1] 460.3911 803.0538 6054391 254
[2] 912.5649 816.0215 4004777 176
 
18.891 452.17
[1] 462.2839 803.0654 6041988 255
[2] 914.2999 814.921 4004770 168
 
19.058 454.69
[1] 462.7501 805.2551 6006990 255
[2] 917.2499 818.4683 3970341 173
 
19.237 454.08
[1] 461.2403 800.586 5978857 255
[2] 915.1362 813.5512 3930262 177
 
19.411 453.38
[1] 461.8402 805.0466 5932755 254
[2] 915.0918 815.9789 3899838 171
 
19.595 451.86
[1] 462.1136 803.2075 5906937 251
[2] 913.7551 817.1797 3857436 168
 
19.78 452.37
[1] 463.1582 806.715 5858550 255
[2] 915.3647 819.0262 3817668 163
 
19.953 451.89
[1] 463.0681 800.4975 5825758 251
[2] 914.8406 810.6179 3782065 169
 
20.117 450.95
[1] 462.1433 802.6663 5784355 248
[2] 912.9297 814.8529 3714384 167
 
20.276 453.8
[1] 462.0295 802.0672 5768037 252
[2] 915.7044 812.855 3712644 166
 
20.451 452.4
[1] 462.604 807.361 5723576 249
[2] 914.8778 818.0729 3661444 168
 
20.631 452.64
[1] 462.4281 808.7199 5683046 242
[2] 915.0213 815.1459 3651234 163
 
20.817 453.9
[1] 462.1018 809.5948 5654331 239
[2] 915.9338 817.4181 3615395 161
 
20.986 454.66
[1] 461.0974 803.4281 5675412 247
[2] 915.6391 813.8753 3612717 161
 
21.154 451.08
[1] 464.4327 801.4749 5668727 247
[2] 915.3625 813.1151 3593114 161
 
21.315 461.6
[1] 455.5515 800.6393 5681919 246
[2] 916.973 813.4064 3613950 164
 
21.479 453.95
[1] 462.4852 802.5959 5666218 243
[2] 916.3261 812.6449 3594637 164
 
21.668 450.15
[1] 463.5788 801.1148 5649691 248
[2] 913.6152 811.3635 3587615 163
 
21.843 452.7
[1] 462.2393 802.5834 5656626 240
[2] 914.8072 813.4137 3589528 163
 
22.076 452.29
[1] 464.3945 800.3785 5672844 243
[2] 916.5182 812.8173 3602505 163
 
22.266 456.59
[1] 460.8429 802.4837 5688502 242
[2] 917.2908 813.8756 3609679 168
 
22.45 457.61
[1] 458.6938 798.9704 5722239 245
[2] 916.1162 812.1732 3652749 167
 
22.617 458.69
[1] 459.8281 804.1574 5736808 247
[2] 918.3548 816.4463 3667365 165
 
22.803 450.66
[1] 468.6651 794.1618 5740356 244
[2] 919.0364 810.3738 3692103 168
 
22.975 455.47
[1] 462.4965 804.5748 5744741 242
[2] 917.882 813.2761 3705895 166
 
23.153 458.11
[1] 460.954 802.4871 5753366 249
[2] 918.9619 811.9239 3707497 167
 
23.369 457.65
[1] 462.0012 802.9889 5764196 245
[2] 919.5986 809.5888 3730720 172
 
23.542 456.23
[1] 463.6774 802.4166 5763503 245
[2] 919.8153 811.552 3726568 168
 
23.719 456.63
[1] 462.495 799.556 5763512 244
[2] 919.0345 808.6049 3724251 165
 
23.894 452.25
[1] 464.644 803.4312 5747734 246
[2] 916.7925 812.7789 3712773 165
 
24.076 456.73
[1] 459.7406 799.9338 5750549 247
[2] 916.4011 807.9533 3723316 169
 
24.245 456.51
[1] 461.5273 799.4576 5764090 247
[2] 917.9194 809.7046 3783800 166
 
24.42 455.58
[1] 461.8143 805.8513 5711761 246
[2] 917.3394 813.0909 3680862 163
 
24.586 457.07
[1] 461.6848 804.5412 5714050 245
[2] 918.632 814.9228 3666184 164
 
24.761 456.76
[1] 461.5319 803.3974 5695676 243
[2] 918.2126 811.9723 3648128 165
 
24.954 452.95
[1] 464.8429 802.3375 5694269 241
[2] 917.6119 815.2226 3637247 168
 
25.14 456.01
[1] 461.7997 800.2765 5698835 244
[2] 917.6353 812.9747 3633217 162
 
25.327 457.57
[1] 459.5938 797.9037 5678824 243
[2] 916.9982 810.2492 3619897 164
 
25.519 454.44
[1] 461.9498 803.1418 5645026 238
[2] 916.3057 812.0811 3593693 157
 
25.678 454.18
[1] 460.7934 802.1654 5634753 243
[2] 914.8738 811.4834 3572053 162
 
25.842 449.41
[1] 465.4772 800.2476 5617232 242
[2] 914.8187 808.0434 3563696 160
 
26.009 454.88
[1] 461.4778 801.0386 5626639 238
[2] 916.2077 812.7626 3551695 162
 
26.173 454.26
[1] 462.3593 801.0809 5607951 242
[2] 916.4852 812.2267 3538118 157
 
26.336 453.55
[1] 463.111 801.8024 5617201 242
[2] 916.5568 811.4891 3557010 159
 
26.513 456.18
[1] 460.7808 801.0322 5606161 239
[2] 916.8514 811.0131 3547596 158
 
26.698 451.55
[1] 464.734 799.9376 5636347 245
[2] 916.1191 811.9719 3571166 158
 
26.862 454.89
[1] 461.9281 803.5442 5622964 242
[2] 916.7189 813.0178 3573398 161
 
27.03 452.6
[1] 464.6841 802.7239 5616455 241
[2] 917.1065 815.2645 3561871 158
 
27.199 454.72
[1] 461.5029 802.2575 5587990 245
[2] 916.1366 810.8972 3537600 163
 
27.364 455.05
[1] 461.4896 801.903 5580722 237
[2] 916.4647 810.003 3562918 159
 
27.526 458.57
[1] 459.2021 798.2499 5590720 243
[2] 917.5968 811.0583 3568179 160
 
27.683 458.92
[1] 459.2017 798.4404 5570214 240
[2] 917.9543 810.8159 3481009 154
 
27.846 455.97
[1] 461.1262 799.3053 5568524 245
[2] 916.9782 809.4773 3471062 164
 
28.02 454.14
[1] 462.6942 800.427 5560387 242
[2] 916.756 808.7249 3461866 161
 
28.193 455.6
[1] 461.9191 806.8167 5556849 240
[2] 917.4927 811.4421 3497984 162
 
28.356 454.72
[1] 463.2762 802.1255 5581730 241
[2] 917.8753 812.4839 3486974 165
 
28.531 462.09
[1] 455.534 799.822 5606665 244
[2] 917.4824 811.1684 3528252 160
 
28.692 456.52
[1] 461.6552 797.3493 5597217 242
[2] 918.0568 807.8113 3505382 162
 
28.853 458.16
[1] 462.7811 801.8387 5609261 242
[2] 920.8649 810.3146 3537951 159
 
29.043 455.02
[1] 472.3644 788.6683 5581229 237
[2] 927.3014 797.2935 3491518 161
 
29.212 457.05
[1] 474.2346 786.2364 5565607 238
[2] 931.2491 791.5233 3488933 163
 
29.376 459.62
[1] 475.3189 786.6082 5547683 232
[2] 934.8942 793.017 3471777 159
 
29.531 460.83
[1] 475.224 789.6139 5558894 238
[2] 935.9488 799.6514 3454709 157
 
29.687 459.76
[1] 475.1209 789.1649 5543175 233
[2] 934.773 798.97 3435250 152
 
29.848 457.79
[1] 473.9612 788.4793 5528388 232
[2] 931.6803 796.2749 3425493 159
 
30.014 456.02
[1] 479.6714 786.4744 5523521 229
[2] 935.6068 795.4789 3416574 158
 
30.179 460.91
[1] 474.9574 779.9655 5540783 240
[2] 935.6517 794.1915 3415406 164
 
30.342 461.45
[1] 475.2808 788.4365 5525846 236
[2] 936.6562 796.5099 3408545 155
 
30.498 461.42
[1] 474.6023 783.5179 5538399 235
[2] 935.9169 793.2579 3428672 162
 
30.657 461.9
[1] 475.5692 787.8893 5561373 239
[2] 937.4036 795.6435 3459040 159
 
30.82 460.75
[1] 494.5587 773.4712 5500227 235
[2] 955.2691 779.4149 3417398 156
 
30.988 462.57
[1] 509.8328 764.933 5466723 230
[2] 972.303 774.4688 3350870 155
 
31.155 462.13
[1] 512.9905 759.9478 5443882 227
[2] 975.0217 769.5778 3316588 153
 
31.318 464.34
[1] 512.6866 757.7837 5478911 223
[2] 976.8599 770.3867 3352311 158
 
31.475 464.73
[1] 512.8084 764.7669 5469131 228
[2] 977.4842 772.1144 3374377 162
 
31.629 466.12
[1] 510.0198 760.3868 5485227 227
[2] 976.0402 769.8611 3373080 152
 
31.791 468.44
[1] 508.6496 762.9805 5484009 227
[2] 977.0156 771.4729 3384406 157
 
31.961 465.44
[1] 510.1247 754.7235 5483098 225
[2] 975.4293 765.7777 3353312 162
 
32.125 467.05
[1] 509.357 764.1327 5458589 231
[2] 976.3706 770.2959 3363536 155
 
32.286 466.01
[1] 509.8515 754.8905 5453953 223
[2] 975.7278 766.1132 3316901 152
 
32.437 464.08
[1] 512.2921 763.8282 5444748 231
[2] 976.3043 771.8937 3320872 155
 
32.591 463.46
[1] 511.4879 755.2477 5452151 226
[2] 974.6639 771.4268 3292494 153
 
32.755 461
[1] 504.7845 767.4717 5471172 231
[2] 965.6251 779.5557 3324730 155
 
32.927 461.14
[1] 491.7931 777.8354 5516499 232
[2] 952.8092 788.457 3384634 160
 
33.094 457.83
[1] 489.531 779.2557 5551286 235
[2] 947.2058 791.2467 3425098 158
 
33.257 457.09
[1] 489.2327 778.46 5585449 231
[2] 946.2012 789.1307 3469285 160
 
33.411 458.87
[1] 489.356 777.8401 5607546 233
[2] 948.1103 788.1676 3493334 160
 
33.57 463.4
[1] 483.4137 784.5652 5612839 233
[2] 946.7498 792.03 3513556 160
 
33.733 458.4
[1] 489.1652 778.0622 5623989 233
[2] 947.4425 788.7053 3509950 162
 
33.904 465.58
[1] 482.2379 772.0642 5638512 236
[2] 947.5113 788.975 3507979 159
 
34.113 468.29
[1] 477.7781 787.9848 5631829 238
[2] 945.9855 796.5362 3515143 163
 
34.277 460.75
[1] 459.7735 803.1044 5705116 239
[2] 920.3519 815.6563 3604989 157
 
34.434 462.53
[1] 443.947 813.6321 5749761 242
[2] 906.3077 826.1629 3660210 161
 
34.59 466.63
[1] 424.0417 832.5415 5773576 235
[2] 890.5473 843.4382 3703652 163
 
34.747 461.2
[1] 421.8687 837.1355 5813130 243
[2] 882.8421 851.5342 3719604 164
 
34.918 460
[1] 408.3107 858.3448 5794208 241
[2] 868.1846 868.9318 3685518 166
 
35.085 461.88
[1] 398.7586 873.3857 5789944 241
[2] 860.5413 882.8481 3698103 162
 
35.25 458.96
[1] 387.6419 891.1168 5756431 240
[2] 846.3593 906.1321 3664456 161
 
35.406 459.98
[1] 385.1943 894.0854 5753953 251
[2] 844.9671 907.7743 3655624 165
 
35.566 455.28
[1] 389.3855 893.1532 5707384 235
[2] 844.488 905.7371 3604590 161
 
35.735 458.36
[1] 388.6064 887.4515 5711050 246
[2] 846.6442 904.5898 3604725 160
 
35.902 454.88
[1] 391.0903 884.4314 5699797 250
[2] 845.7381 898.8185 3601192 159
 
36.088 458.16
[1] 387.4142 895.1281 5689635 237
[2] 845.4252 906.8241 3591834 158
 
36.25 456.02
[1] 383.1918 902.096 5677980 247
[2] 838.8655 919.9879 3555008 168
 
36.404 458.54
[1] 373.95 919.1941 5690183 238
[2] 832.2906 932.6404 3539350 165
 
36.562 465.79
[1] 362.4387 922.311 5698643 239
[2] 827.8913 939.9783 3557632 167
 
36.724 460.76
[1] 363.2248 948.4458 5660535 243
[2] 823.9573 953.6095 3553335 159
 
36.89 454.18
[1] 359.3132 958.9785 5637486 240
[2] 813.2589 973.6703 3481805 161
 
37.057 460.61
[1] 346.3519 986.3563 5558652 234
[2] 806.8268 997.6791 3399095 160
 
37.221 459.05
[1] 342.1961 1016.577 5427215 228
[2] 801.2053 1022.622 3246256 156
 
37.402 463.81
[1] 336.6489 1017.1632 5432818 228
[2] 800.3555 1027.0693 3212604 158
 
37.561 458.45
[1] 341.9855 1020.3295 5478416 236
[2] 800.3219 1030.4774 3255180 158
 
37.725 459.27
[1] 342.1931 1018.2288 5504088 229
[2] 801.3992 1025.9488 3304349 156
 
37.892 458.39
[1] 341.759 1018.9301 5513581 229
[2] 800.0691 1027.2311 3314484 161
 
38.062 459.3
[1] 341.8125 1018.2493 5532632 233
[2] 801.0404 1026.4587 3331497 157
 
38.234 458.23
[1] 341.173 1013.6703 5519175 233
[2] 799.2315 1026.3433 3289172 158
 
38.389 461.45
[1] 337.4939 1014.2873 5495858 230
[2] 798.8575 1023.231 3283234 160
 
38.544 460.4
[1] 338.957 1014.8306 5469101 233
[2] 799.2509 1024.7364 3233749 156
 
38.706 456.7
[1] 341.3259 1019.0887 5468522 231
[2] 797.9488 1027.3425 3246401 158
 
38.874 459.92
[1] 341.843 1018.2188 5450565 232
[2] 801.6889 1026.2308 3223002 154
 
39.042 461.9
[1] 342.8879 1004.1103 5533368 231
[2] 804.6483 1015.4837 3324882 158
 
39.211 462.54
[1] 343.8772 978.6297 5637931 236
[2] 806.1542 994.1274 3463416 156
 
39.367 461.23
[1] 352.6568 968.4237 5701147 241
[2] 813.7112 981.0922 3537018 155
 
39.521 464.24
[1] 356.3383 953.11 5748631 246
[2] 820.496 961.635 3607316 164
 
39.698 462.67
[1] 369.5265 923.479 5840521 239
[2] 832.0186 936.4014 3701872 166
 
39.866 463.35
[1] 382.1532 893.4365 5895108 254
[2] 845.2828 907.8621 3796065 164
 
40.033 467.04
[1] 386.2316 886.7159 5899952 254
[2] 853.106 899.2258 3806737 161
 
40.229 463.88
[1] 387.2324 885.3891 5917151 255
[2] 850.9423 898.0643 3823297 167
 
40.383 463.74
[1] 387.1894 887.9311 5936858 255
[2] 850.715 902.0444 3841891 165
 
40.543 466.24
[1] 386.8767 885.0467 5956574 255
[2] 852.9458 897.5981 3857348 163
 
40.705 466
[1] 387.0681 884.8056 5949493 255
[2] 852.9254 896.1915 3854743 165
 
40.874 464.9
[1] 387.7853 887.1478 5983741 255
[2] 852.5013 900.1623 3892081 164
 
41.041 466.03
[1] 389.4427 885.4463 5971085 253
[2] 855.3139 897.6646 3880510 166
 
41.203 463.86
[1] 388.8871 887.3498 5996122 255
[2] 852.5218 901.6746 3896011 170
 
41.36 463.15
[1] 387.2835 885.9196 5986462 255
[2] 850.2753 897.9224 3903375 162
 
41.519 462.16
[1] 387.272 885.8062 5998767 255
[2] 849.2649 898.4087 3922382 166
 
41.68 463.82
[1] 387.1437 884.6773 6004839 255
[2] 850.7896 897.304 3924035 168
 
41.846 462.94
[1] 399.6189 868.8526 5995607 255
[2] 862.4815 877.1032 3914338 163
 
42.011 462.45
[1] 410.331 855.3199 6028117 255
[2] 872.6923 864.218 3938483 171
 
42.173 464.73
[1] 419.9096 840.9432 6023792 252
[2] 884.5085 852.0057 3940468 172
 
42.329 462.7
[1] 424.5349 835.758 6039035 254
[2] 887.0593 848.6656 3952246 173
 
42.485 461.91
[1] 425.6044 830.3725 6048662 255
[2] 887.358 842.4781 3973834 173
 
42.65 467.91
[1] 423.8674 835.7454 6048317 255
[2] 891.5799 849.3177 3952316 172
 
42.819 464.29
[1] 423.6984 836.3173 6036857 255
[2] 887.8191 848.6839 3949918 172
 
43.034 467.74
[1] 424.4344 832.5595 6040817 247
[2] 891.9593 846.6884 3936489 171
 
43.638 462.37
[1] 424.4182 836.1212 5933224 255
[2] 886.6174 848.6781 3835192 169
 
43.803 464.47
[1] 426.2592 836.5562 5925463 253
[2] 890.5385 849.7291 3818506 172
 
43.969 463.19
[1] 423.6253 833.9641 5918247 245
[2] 886.6109 847.6343 3822412 168
 
44.148 462.63
[1] 424.2832 835.4444 5908998 250
[2] 886.7205 848.7596 3811456 167
 
44.332 464.47
[1] 424.6677 838.2307 5907366 247
[2] 888.9903 850.0491 3812172 176
 
44.52 462.75
[1] 424.3493 831.9763 5932568 249
[2] 886.92 844.9321 3844413 176
 
44.708 460.95
[1] 424.3893 835.4106 5915046 247
[2] 885.183 847.3503 3827619 171
 
44.882 461.91
[1] 424.7617 835.383 5976446 246
[2] 886.4895 848.2846 3884933 171
 
45.071 460.93
[1] 424.8688 836.135 5978582 250
[2] 885.6162 849.1466 3888370 172
 
45.242 461.08
[1] 423.9179 833.2815 6015838 246
[2] 884.8268 846.01 3930507 173
 
45.417 465.33
[1] 424.6962 834.2703 6025063 255
[2] 889.8336 847.8195 3924633 174
 
45.608 460.06
[1] 425.4276 835.0994 6033797 243
[2] 885.3309 847.1227 3951800 173
 
45.805 465.96
[1] 424.1172 835.7825 6026372 255
[2] 889.8861 848.9837 3931533 170
 
45.973 460.08
[1] 424.8453 837.5277 6024148 249
[2] 884.7503 850.1118 3945200 171
 
46.173 460.06
[1] 425.1301 835.9321 6007937 252
[2] 885.0146 848.4757 3929311 175
 
46.356 460.07
[1] 424.4756 833.3936 5968140 245
[2] 884.3636 846.1814 3893089 171
 
46.528 459.64
[1] 425.1708 833.0988 5962772 250
[2] 884.6144 846.6401 3891532 173
 
46.697 461.11
[1] 424.8473 831.5828 5961030 250
[2] 885.7127 846.4708 3888083 172
 
46.865 460.86
[1] 424.5191 837.8188 5942702 250
[2] 885.2318 849.4836 3878895 171
 
47.023 460.44
[1] 425.1217 836.9047 5938603 242
[2] 885.3152 851.8614 3856817 173
 
47.18 458.94
[1] 426.0085 835.0526 5914821 247
[2] 884.756 848.3113 3840817 171
 
47.342 459.3
[1] 425.8196 837.7894 5901433 249
[2] 884.9325 850.9699 3828407 169
 
47.512 464.71
[1] 424.5017 832.9749 5885171 248
[2] 889.0093 846.7569 3819682 170
 
47.679 457.09
[1] 425.6066 835.4962 5884664 245
[2] 882.445 850.5606 3824683 169
 
47.844 459.99
[1] 425.3109 831.1137 5856094 248
[2] 885.1114 844.3947 3828677 174
 
48.002 462.96
[1] 423.3536 832.9097 5840485 247
[2] 886.0659 848.0672 3826327 171
 
48.159 466.36
[1] 423.5307 832.8954 5824123 243
[2] 889.6775 846.9018 3809840 168
 
48.345 461.45
[1] 423.8868 832.9272 5806999 241
[2] 885.1349 846.6189 3805205 169
 
48.54 460.94
[1] 424.0459 835.9442 5804963 246
[2] 884.8037 848.973 3812195 166
 
48.708 463.93
[1] 424.038 837.3902 5812414 241
[2] 887.7286 852.2033 3836760 168
 
48.873 462.39
[1] 428.0448 834.2109 5805433 238
[2] 890.1827 849.6137 3825441 167
 
49.027 459.86
[1] 424.2734 836.0136 5793611 249
[2] 883.8898 850.9906 3829604 169
 
49.186 461.19
[1] 425.3702 834.8534 5807562 236
[2] 886.2454 852.01 3849404 164
 
49.346 460.79
[1] 424.7146 832.6183 5805055 242
[2] 885.3441 844.9294 3859160 163
 
49.517 457.67
[1] 426.6636 834.0581 5792908 242
[2] 884.1086 848.2864 3841762 162
 
49.688 458.52
[1] 424.3629 834.2803 5792674 238
[2] 882.719 846.4741 3859860 163
 
49.855 461.95
[1] 429.8342 838.5695 5776037 241
[2] 891.6643 849.2151 3848556 161
 
50.012 461.89
[1] 424.4896 835.5792 5785770 249
[2] 886.214 847.9467 3877897 165
 
50.173 462.94
[1] 423.7635 835.578 5779615 246
[2] 886.5591 847.0365 3881089 165
 
50.335 461.45
[1] 430.6667 832.5167 5776720 240
[2] 891.8555 848.1106 3861377 163
 
50.504 464.83
[1] 424.2881 837.4463 5762187 240
[2] 888.8575 852.961 3857293 162
 
50.674 470.2
[1] 424.5818 837.0648 5745344 233
[2] 894.5513 851.8629 3833468 160
 
50.837 472.46
[1] 422.154 829.9949 5730372 234
[2] 894.242 848.7919 3844701 159
 
51.018 472.71
[1] 425.0017 835.6608 5759090 242
[2] 897.5541 848.0142 3862812 163
 
51.2 466.15
[1] 424.365 836.1876 5740466 246
[2] 890.3529 848.6039 3881536 159
 
51.377 460.64
[1] 431.0218 832.0623 5763717 238
[2] 891.4326 846.524 3904516 163
 
51.548 469.06
[1] 430.9469 833.5786 5743242 234
[2] 899.6271 852.3765 3827485 164
 
51.717 471.76
[1] 424.1927 836.4292 5726989 242
[2] 895.8088 847.9583 3857320 158
 
51.883 473.41
[1] 422.2925 833.584 5710493 234
[2] 895.5396 845.8611 3845884 166
 
52.04 476.2
[1] 419.188 831.036 5693870 233
[2] 895.124 846.8758 3830123 161
 
52.2 472.64
[1] 424.5127 835.6743 5681768 241
[2] 896.9827 848.3706 3801751 156
 
52.361 475.66
[1] 420.1358 831.9333 5641581 237
[2] 895.5074 848.5075 3757445 163
 
52.563 471.26
[1] 424.5964 835.142 5571856 225
[2] 895.7202 846.5955 3603952 161
 
52.733 472.66
[1] 424.4269 835.8816 5546840 238
[2] 896.9426 847.5353 3543272 155
 
52.895 475.37
[1] 420.766 831.4399 5547160 229
[2] 895.838 848.3528 3545926 154
 
53.068 472.87
[1] 424.8736 837.9346 5595006 233
[2] 897.5327 852.2172 3572084 159
 
53.228 472.78
[1] 425.0838 837.0089 5616992 230
[2] 897.6488 851.1298 3608414 161
 
53.44 467.37
[1] 431.4944 839.2285 5635592 224
[2] 898.6342 853.7534 3612873 160
 
53.622 472.28
[1] 424.7634 834.789 5648351 231
[2] 896.92 845.7486 3673133 162
 
53.854 465.86
[1] 430.6345 832.9553 5654812 232
[2] 896.242 848.2859 3666051 157
 
54.052 465.37
[1] 424.7844 835.1385 5561503 229
[2] 890.0148 846.4862 3584411 156
 
54.219 465.89
[1] 427.0201 833.7357 5549384 228
[2] 892.7099 847.5091 3541353 161
 
54.387 473.67
[1] 424.1977 834.9699 5540710 234
[2] 897.6546 849.0939 3489471 159
 
54.568 465.93
[1] 430.7658 834.0007 5551719 230
[2] 896.3687 851.4434 3493778 153
 
54.747 472.14
[1] 424.8262 836.5115 5521595 226
[2] 896.7715 849.9044 3448433 158
 
54.97 474.4
[1] 422.7588 834.1887 5541745 227
[2] 896.9517 848.2931 3480095 156
 
55.166 473.71
[1] 424.5434 837.009 5537876 226
[2] 898.0283 851.67 3505013 158
 
55.339 468.27
[1] 430.7645 833.133 5558853 227
[2] 898.7837 848.5782 3521439 160
 
55.5 471.95
[1] 424.962 835.1308 5509896 223
[2] 896.7731 846.6706 3456126 164
 
55.676 472.06
[1] 424.7486 837.9696 5526335 232
[2] 896.5478 853.7051 3420776 156
 
55.854 470.74
[1] 423.9422 834.9077 5551707 234
[2] 894.5403 846.6688 3472489 158
 
56.052 470.31
[1] 423.6359 836.281 5573843 237
[2] 893.7569 849.5974 3486622 158
 
56.225 471.51
[1] 424.7345 835.9473 5546675 236
[2] 896.0561 849.2569 3456079 161
 
56.392 476.82
[1] 420.7816 831.6467 5548567 233
[2] 897.2906 848.8174 3475914 155
 
56.556 474.43
[1] 426.9129 832.8642 5522700 226
[2] 901.2467 842.5207 3433562 160
 
56.728 470.68
[1] 444.8144 813.5913 5551106 229
[2] 915.239 829.0362 3452209 157
 
56.913 468.67
[1] 452.6082 810.9358 5549127 231
[2] 921.0896 824.2734 3437193 159
 
57.098 471.01
[1] 447.5059 811.0565 5537451 234
[2] 918.3624 823.0321 3460749 158
 
57.285 467.83
[1] 452.4898 807.725 5531572 237
[2] 920.1901 818.589 3451969 154
 
57.461 470.64
[1] 475.1033 789.325 5524530 227
[2] 945.638 799.46 3408991 156
 
57.635 474.87
[1] 472.7544 792.2415 5512069 232
[2] 947.5625 800.0343 3401861 161
 
57.827 472.1
[1] 475.281 790.5762 5526021 227
[2] 947.2388 802.213 3394787 158
 
58.002 473.23
[1] 474.8566 793.7805 5492165 231
[2] 948.0373 800.6668 3380216 154
 
58.18 471.18
[1] 477.882 797.0905 5503709 234
[2] 949.0179 803.7485 3388228 154
 
58.346 471.03
[1] 475.9255 788.8944 5508212 227
[2] 946.8642 798.2587 3405434 152
 
58.523 472.68
[1] 473.3511 793.8866 5503105 236
[2] 945.9067 804.7174 3403672 153
 
58.702 464.74
[1] 480.7918 795.2449 5484834 229
[2] 945.5052 799.9411 3401188 156
 
58.892 470.06
[1] 475.523 789.6047 5493909 233
[2] 945.4653 800.3225 3375815 159
 
59.077 470.71
[1] 474.2544 793.5593 5503275 233
[2] 944.8769 802.7465 3408630 157
 
59.259 470.23
[1] 475.2862 790.1615 5522614 237
[2] 945.384 801.3143 3407840 156
 
59.469 472.52
[1] 474.2785 789.9169 5526787 234
[2] 946.7109 799.1125 3423943 160
 
59.632 470.54
[1] 475.2894 791.8881 5533980 229
[2] 945.6835 803.4557 3412534 161
 
59.811 474
[1] 472.9949 793.6497 5524439 236
[2] 946.8929 803.3884 3408692 162
 
59.992 471.22
[1] 475.6035 790.3381 5523213 233
[2] 946.6836 801.9974 3394205 160
 
60.165 472.85
[1] 475.8419 790.6178 5500825 231
[2] 948.5286 802.9572 3361004 153
 
60.361 469.22
[1] 475.5009 791.2477 5464194 230
[2] 944.5632 803.4301 3333940 156
 
60.546 470.64
[1] 475.5486 788.4814 5446227 230
[2] 946.0975 797.7571 3326228 157
 
60.722 470.03
[1] 475.7938 791.6585 5484605 232
[2] 945.6522 804.3667 3344092 154
 
60.893 470.74
[1] 475.4654 789.6565 5479320 232
[2] 946.0623 801.4016 3343489 156
 
61.077 470.62
[1] 475.5974 790.9353 5500355 232
[2] 946.073 802.3949 3367703 163
 
61.266 469.64
[1] 475.8049 790.1431 5476885 233
[2] 945.3177 801.0792 3355468 157
 
61.441 470.08
[1] 475.8869 791.7754 5484732 227
[2] 945.7873 804.7997 3356621 157
 
61.627 470.3
[1] 475.6538 789.4335 5469699 231
[2] 945.8432 799.6932 3350947 156
 
61.806 469.52
[1] 475.6304 791.2222 5485129 230
[2] 945.0031 803.1669 3353338 157
 
62.005 470.89
[1] 475.8018 790.5267 5471003 232
[2] 946.5366 802.6128 3333560 159
 
62.179 468.72
[1] 475.6954 790.7166 5474058 229
[2] 944.2778 802.2655 3361560 152
 
62.373 468.16
[1] 475.485 790.2337 5488044 236
[2] 943.5238 801.0997 3391004 156
 
62.546 470.76
[1] 471.4047 794.4964 5506914 234
[2] 942.0954 802.8393 3437311 150
 
62.759 468.83
[1] 461.5087 806.3217 5518108 231
[2] 930.2845 813.6694 3445377 156
 
62.933 467.74
[1] 462.8427 803.6929 5531035 239
[2] 930.4692 814.0593 3448152 154
 
63.131 465.06
[1] 463.6807 803.2739 5514231 239
[2] 928.6247 813.5025 3432579 155
 
63.317 463.73
[1] 468.213 801.0671 5548842 233
[2] 931.7143 815.7153 3450310 160
 
63.499 465.07
[1] 466.8841 800.973 5579359 233
[2] 931.7413 814.9637 3486145 156
 
63.673 469.11
[1] 461.3517 800.8547 5657468 241
[2] 930.3179 812.4685 3587409 160
 
63.849 465.4
[1] 466.2011 799.8451 5681488 247
[2] 931.4401 812.1033 3604474 158
 
64.03 466.49
[1] 464.2366 801.781 5664937 240
[2] 930.6344 811.0953 3601721 159
 
64.22 469.2
[1] 459.9258 798.67 5625824 234
[2] 928.9148 812.8019 3539143 156
 
64.44 469.27
[1] 459.718 799.1634 5609481 239
[2] 928.7453 814.2125 3511385 157
 
64.718 463.26
[1] 460.2452 811.8927 5635811 240
[2] 923.4216 820.8547 3569408 158
 
64.989 468.57
[1] 457.7946 805.8759 5683336 247
[2] 926.2534 816.2261 3598068 161
 
65.225 470.03
[1] 452.5217 808.5 5665519 238
[2] 922.4199 819.6557 3605543 165
 
65.393 463.89
[1] 459.8612 806.6855 5704413 237
[2] 923.5665 819.9084 3635155 156
 
65.571 466.98
[1] 457.985 802.1416 5707946 240
[2] 924.6128 820.3305 3627578 157
 
65.758 469.84
[1] 454.5103 808.0584 5658524 242
[2] 924.2353 818.6735 3585013 156
 
65.955 472.28
[1] 453.634 802.9231 5676418 245
[2] 925.6985 817.2995 3590485 157
 
66.124 469.43
[1] 453.7062 809.1722 5717062 245
[2] 922.9998 820.4454 3646614 163
 
66.291 469.84
[1] 450.1838 809.9354 5720578 239
[2] 919.9014 820.7066 3669120 166
 
66.485 471.15
[1] 451.0952 809.8375 5761984 244
[2] 922.0573 823.1571 3695651 163
 
66.66 462.58
[1] 459.4609 812.5776 5747619 240
[2] 921.9071 823.7712 3689582 157
 
66.85 476.58
[1] 446.4388 812.0427 5786532 246
[2] 922.8923 823.0653 3739880 169
 
67.034 468.85
[1] 453.9926 806.458 5828489 251
[2] 922.6576 819.5354 3751332 166
 
67.214 467.94
[1] 454.1559 808.9921 5877724 252
[2] 921.8719 823.3471 3805050 163
 
67.399 467.18
[1] 452.4017 805.0975 5867385 246
[2] 919.3444 819.9233 3816957 162
 
67.588 466.75
[1] 453.5431 810.9092 5854171 249
[2] 920.119 823.7411 3829473 164
 
67.764 463.92
[1] 455.5438 808.8453 5837643 243
[2] 919.2955 821.1698 3794184 160
 
67.933 468.05
[1] 453.0115 810.9808 5879966 249
[2] 920.8302 825.7782 3808440 165
 
68.114 468.77
[1] 452.9604 805.3782 5923699 246
[2] 921.5472 818.6147 3864750 167
 
68.299 469.26
[1] 454.9407 809.8193 5958379 255
[2] 923.9597 824.7808 3891234 165
 
68.499 469.15
[1] 454.5677 808.7302 5923312 251
[2] 923.5188 822.4339 3869738 162
 
68.693 471.14
[1] 452.967 811.4527 5895668 241
[2] 923.9334 824.2459 3848219 164
 
68.893 465.65
[1] 452.2049 805.8749 5907619 254
[2] 917.6599 819.2681 3885195 164
 
69.082 465.23
[1] 452.7032 807.5563 5926809 250
[2] 917.7195 821.6761 3902892 160
 
69.26 470.91
[1] 453.0747 807.6218 5927420 248
[2] 923.7788 821.5536 3872939 162
 
69.452 464.89
[1] 453.7838 808.9159 5939793 249
[2] 918.4579 823.0097 3913501 169
 
69.653 465.09
[1] 452.9646 805.3009 5947182 250
[2] 917.8587 818.9617 3913950 164
 
69.867 469.93
[1] 452.8513 806.9143 5973172 253
[2] 922.5408 821.903 3899558 168
 
70.062 465.5
[1] 454.3105 809.8917 6000693 255
[2] 919.5703 824.7667 3939708 166
 
70.227 465.13
[1] 454.348 806.7144 6016630 254
[2] 919.2481 821.375 3973284 162
 
70.392 467.43
[1] 453.6002 806.399 6046736 254
[2] 920.8195 820.3747 4045417 168
 
70.57 462.83
[1] 453.642 805.4349 6051820 255
[2] 916.2385 820.011 4030192 169
 
70.752 465.08
[1] 453.2358 805.5975 6024491 255
[2] 918.1513 817.9782 3999544 167
 
70.917 467.26
[1] 452.6622 807.7516 6014598 248
[2] 919.7183 821.4469 3968984 166
 
71.077 464.32
[1] 452.7414 806.9189 6003305 255
[2] 916.8333 821.4807 3972424 168
 
71.236 463.83
[1] 454.2963 809.7714 6016847 255
[2] 917.9135 823.9143 3978376 166
 
71.398 468.81
[1] 452.6126 808.7374 5978986 255
[2] 921.2463 821.7207 3925363 162
 
71.571 463.25
[1] 445.1115 815.8966 5983272 255
[2] 908.1567 829.5373 3951843 164
 
71.745 468.27
[1] 430.9738 834.3491 5989017 250
[2] 899.0157 849.0651 3928429 173
 
71.911 466.37
[1] 431.0318 831.5661 6002456 248
[2] 897.1495 846.9374 3959067 175
 
72.068 467.27
[1] 431.1477 832.7069 5984188 247
[2] 898.1833 847.3849 3938901 174
 
72.227 467.06
[1] 430.4845 834.2057 5947579 250
[2] 897.3225 848.6483 3913758 171
 
72.405 467.6
[1] 430.3773 830.7171 5921970 253
[2] 897.7428 845.5604 3899579 164
 
72.581 464.22
[1] 424.1194 839.1087 5907084 242
[2] 888.0655 855.143 3869522 169
 
72.753 462.72
[1] 383.799 897.9246 5785614 250
[2] 846.2821 912.8128 3753658 160
 
72.92 465.34
[1] 349.7012 980.0726 5504323 229
[2] 814.9925 986.4922 3468475 157
 
73.083 456.99
[1] 342.0282 1064.6617 4994282 209
[2] 798.6587 1082.7465 2607960 139
 
73.249 460.83
[1] 337.3716 1095.3529 4728527 202
[2] 798.0292 1107.7917 2195566 130
 
73.412 454.87
[1] 343.9403 1095.109 4767440 198
[2] 798.6262 1108.1922 2230431 134
 
73.581 457.67
[1] 341.0387 1094.1593 4766131 203
[2] 798.51 1107.7966 2225508 137
 
73.75 458.57
[1] 339.562 1099.3459 4772740 203
[2] 797.9633 1111.8693 2233766 138
 
73.918 457.64
[1] 344.5922 1125.7711 4483179 190
[2] 801.957 1141.7409 1765027 127
 
74.079 458.09
[1] 365.7355 1202.5043 3191126 158
[2] 823.4375 1221.3632 297099 107
