time, avg distance
[1...n] x_centroid, y_centroid, integrated intensity, intensity_centroid
 
0.12134 490.97
[1] 947.5026 483.8734 3814065 160
[2] 1438.399 492.6043 2731515 107
 
8.7149 492.81
[1] 940.3082 478.3281 3839859 159
[2] 1432.8212 495.495 2704228 105
 
8.9198 492.98
[1] 944.8582 470.1166 3823875 154
[2] 1437.2454 494.3324 2696373 104
 
9.0967 493.36
[1] 937.5631 485.3765 3849891 158
[2] 1430.8137 495.5942 2715484 108
 
9.2689 489.17
[1] 941.5431 481.6582 3858929 160
[2] 1430.6054 491.7729 2721844 102
 
9.4333 484.41
[1] 952.0752 482.3939 3825408 155
[2] 1436.3768 492.5208 2711252 108
 
9.5958 494.77
[1] 944.0982 472.2343 3865432 160
[2] 1438.5822 489.0365 2716484 108
 
9.7632 497.73
[1] 937.8992 485.5187 3854474 162
[2] 1435.4449 499.0086 2719965 104
 
9.9341 485.36
[1] 943.2098 470.1546 3809503 158
[2] 1427.8837 495.958 2690437 106
 
10.115 485.42
[1] 937.4891 486.5164 3769653 154
[2] 1422.737 499.4224 2669887 104
 
10.282 494.51
[1] 938.095 482.0275 3743098 157
[2] 1432.2612 500.5663 2649830 104
 
10.455 488.73
[1] 939.2039 475.6757 3758589 153
[2] 1427.4924 496.5572 2656263 102
 
10.607 483.36
[1] 939.2926 477.9352 3781995 162
[2] 1422.2987 496.4632 2660896 104
 
11.004 486.6
[1] 938.4646 477.8292 3772787 157
[2] 1424.7044 496.58 2665894 102
 
11.185 492.47
[1] 938.8141 478.4319 3783045 160
[2] 1430.9687 496.1094 2681179 109
 
11.841 482.56
[1] 941.2085 475.7973 3820573 164
[2] 1423.7388 481.081 2724055 105
 
12.048 483.26
[1] 945.0889 473.6854 3791413 149
[2] 1427.8844 494.8497 2714246 107
 
12.227 498.73
[1] 939.0405 479.0006 3787606 155
[2] 1437.7003 487.3202 2706510 107
 
12.449 493.62
[1] 938.154 477.3579 3811615 157
[2] 1431.5129 493.4823 2738571 105
 
12.612 492.21
[1] 945.5553 484.4064 3818343 158
[2] 1437.6512 494.8378 2749510 106
 
12.827 490
[1] 946.4932 484.8267 3805562 154
[2] 1436.2808 499.1087 2748709 101
 
13.019 500.7
[1] 938.8741 481.453 3788324 160
[2] 1439.4751 491.3203 2739071 102
 
13.198 491.51
[1] 946.9376 473.1028 3827859 160
[2] 1438.1073 491.4686 2763853 107
 
13.364 508.26
[1] 936.2299 480.4668 3803825 159
[2] 1444.2852 494.7426 2738009 105
 
13.558 502.8
[1] 935.6797 475.2298 3756896 159
[2] 1438.2482 490.3606 2697266 103
 
13.739 503.79
[1] 936.6641 480.781 3734235 159
[2] 1440.1768 497.578 2671145 101
 
14 487.25
[1] 943.2673 479.5249 3727719 156
[2] 1430.2757 494.7665 2654518 105
 
14.182 495.55
[1] 946.7685 486.5112 3709577 157
[2] 1442.0952 501.3216 2643690 99
 
14.352 500.05
[1] 953.195 475.2365 3723975 150
[2] 1452.8916 494.0174 2627194 102
 
14.594 494.31
[1] 951.3093 483.0493 3812241 155
[2] 1445.4964 494.2917 2710717 104
 
14.77 506.58
[1] 947.4042 479.3609 3836184 154
[2] 1453.8552 490.7639 2706665 102
 
14.948 483.8
[1] 951.8775 480.8607 3870592 164
[2] 1435.507 493.693 2763140 111
 
15.116 502.68
[1] 945.4907 484.272 3845297 161
[2] 1448.0757 494.17 2740978 106
 
15.312 475.65
[1] 948.724 479.4322 3842518 159
[2] 1423.9965 498.4101 2723388 103
 
15.544 479.86
[1] 949.3564 477.2942 3852886 157
[2] 1428.5362 502.8997 2728537 102
 
15.707 466.49
[1] 961.0682 484.4815 3838259 161
[2] 1427.2869 500.271 2735395 105
 
15.92 477.96
[1] 949.3682 480.6498 3806180 162
[2] 1427.0872 495.8743 2681548 102
 
16.093 475.41
[1] 950.5941 482.375 3733112 155
[2] 1425.7503 498.0179 2610781 102
 
16.271 483.23
[1] 945.4328 485.4192 3771484 159
[2] 1428.5172 497.3815 2643212 106
 
16.459 476.95
[1] 945.2825 478.6343 3792588 165
[2] 1422.1273 488.5388 2637836 107
 
16.676 466.96
[1] 956.9286 475.3792 3815605 161
[2] 1423.314 498.6026 2665153 103
 
16.876 481.35
[1] 945.3174 483.2014 3839936 162
[2] 1426.5022 495.9669 2681967 110
 
17.05 476
[1] 946.9163 480.569 3791001 161
[2] 1422.7487 493.1865 2630168 107
 
17.237 481.6
[1] 945.7082 482.5912 3820300 161
[2] 1427.1563 494.6704 2662187 106
 
17.45 484.5
[1] 941.9427 477.8466 3844394 163
[2] 1426.0776 496.7146 2671286 112
 
17.639 493.4
[1] 939.5971 486.9509 3844413 164
[2] 1432.6835 504.5738 2672751 105
 
17.811 484.54
[1] 933.8663 489.6501 3876146 162
[2] 1417.8695 512.5145 2681713 108
 
18.003 476.84
[1] 933.8949 489.1953 3874291 166
[2] 1410.2073 511.6017 2682977 113
 
18.259 486.14
[1] 924.5477 497.4277 3879868 166
[2] 1410.4276 513.3561 2685928 110
 
18.433 489.12
[1] 923.2384 490.5002 3894314 169
[2] 1411.7591 514.7581 2680688 109
 
18.666 485.73
[1] 931.7294 491.1105 3838166 159
[2] 1417.1017 509.7682 2661533 111
 
18.858 489.45
[1] 925.8987 491.9509 3812196 160
[2] 1414.5747 519.3777 2612987 113
 
19.028 482.63
[1] 912.1182 504.9199 3753623 159
[2] 1394.3765 523.8788 2582774 108
 
19.318 487.84
[1] 905.4239 506.0055 3679006 156
[2] 1392.81 526.9767 2526266 100
 
19.502 497.24
[1] 886.0276 510.4756 3643668 152
[2] 1382.8733 530.1856 2494679 100
 
19.667 479.29
[1] 886.9777 524.6901 3589566 142
[2] 1365.9124 543.2697 2478757 100
 
19.861 492.5
[1] 865.3112 526.0568 3632068 151
[2] 1357.5748 541.4621 2502524 98
 
20.033 488.19
[1] 868.2594 530.0979 3612445 152
[2] 1356.209 545.2851 2489526 101
 
20.197 483.91
[1] 872.1297 527.6199 3542091 148
[2] 1355.925 538.1202 2459774 100
 
20.381 495.93
[1] 866.2328 531.8402 3451463 146
[2] 1362.0741 541.1645 2402307 99
 
20.582 503.02
[1] 861.8738 526.827 3401671 144
[2] 1364.7413 539.1391 2370472 96
 
20.755 484.09
[1] 869.6915 534.0214 3408957 147
[2] 1353.6445 545.4781 2406003 96
 
20.933 486.87
[1] 869.4986 524.1282 3489404 145
[2] 1356.2617 534.3503 2456415 99
 
21.117 491.1
[1] 850.2903 531.8996 3490451 146
[2] 1341.0008 551.5692 2453953 98
 
21.304 485.1
[1] 845.5354 527.4284 3422059 145
[2] 1330.2798 546.1027 2411774 95
 
21.479 484.23
[1] 841.9413 538.7771 3408828 143
[2] 1325.9429 553.5713 2414681 93
 
21.663 490.06
[1] 843.204 534.0348 3383435 140
[2] 1332.9872 550.3746 2408507 96
 
21.843 476.57
[1] 851.3185 543.4116 3351333 139
[2] 1327.8317 550.7395 2405779 95
 
22.029 477.31
[1] 838.3881 538.9388 3355663 141
[2] 1315.4609 554.0992 2388778 97
 
22.209 485.94
[1] 798.4352 551.3488 3272465 138
[2] 1284.0716 568.6068 2315783 95
 
22.39 492.09
[1] 787.9557 545.7195 3214180 134
[2] 1279.5994 566.641 2275362 95
 
22.563 484.33
[1] 793.0525 548.8343 3248863 134
[2] 1276.8215 572.0449 2293509 97
 
22.742 498.08
[1] 781.6399 546.9626 3266386 136
[2] 1279.2868 567.7253 2307719 98
 
22.916 491.22
[1] 783.064 552.6775 3258434 135
[2] 1274.2153 560.7618 2302591 94
 
23.089 490.87
[1] 777.8372 554.296 3250536 136
[2] 1268.155 577.5111 2280169 98
 
23.278 491.71
[1] 759.6051 559.0194 3327096 139
[2] 1251.0038 576.6373 2343825 100
 
23.454 497.2
[1] 759.2472 549.7371 3383057 137
[2] 1255.7913 575.3055 2360445 105
 
23.615 492.58
[1] 760.2088 563.329 3374442 143
[2] 1252.6822 573.6632 2362268 100
 
23.785 490.54
[1] 763.2802 553.0092 3366005 139
[2] 1253.494 570.8232 2330156 95
 
23.968 485.43
[1] 762.4331 563.4493 3399053 140
[2] 1247.7679 573.2302 2350620 98
 
24.135 490.9
[1] 762.6064 552.9084 3467533 142
[2] 1253.0013 575.2208 2371640 104
 
24.317 501.06
[1] 751.975 552.9066 3542793 146
[2] 1252.7459 570.0041 2406906 100
 
24.505 498.47
[1] 751.5861 558.6188 3569276 154
[2] 1249.8413 573.3772 2421881 104
 
24.677 503.6
[1] 689.8643 561.3178 3424518 144
[2] 1193.0853 580.8362 2300473 99
 
24.861 497.2
[1] 652.3633 557.8108 3266332 139
[2] 1149.5173 564.475 2176355 94
 
25.085 497.64
[1] 644.6192 557.835 3308441 135
[2] 1142.1009 570.4874 2197442 96
 
25.257 501.77
[1] 640.3705 553.6459 3365260 138
[2] 1141.9797 566.215 2224313 97
 
25.447 497.31
[1] 645.5371 554.5871 3422503 139
[2] 1142.5798 570.9745 2250160 99
 
25.616 503.24
[1] 641.7378 561.244 3385680 145
[2] 1144.9549 566.1728 2225668 92
 
25.796 501.38
[1] 643.2001 554.5531 3305765 140
[2] 1144.4375 566.5617 2142766 89
 
25.965 499.25
[1] 643.3439 555.6463 3226677 138
[2] 1142.4146 568.8489 2087492 90
 
26.149 495.45
[1] 645.6704 557.2721 3202200 131
[2] 1140.9677 569.5543 2066387 90
 
26.357 499.14
[1] 642.1415 553.0458 3171795 137
[2] 1141.0613 567.838 2031291 87
 
26.528 498.48
[1] 642.1542 560.9833 3116851 128
[2] 1140.5765 568.4017 2008370 89
 
26.706 490.89
[1] 650.1981 561.8711 3056072 129
[2] 1141.0909 562.7015 1975945 89
 
26.883 493.57
[1] 647.11 555.0666 3010072 127
[2] 1140.4573 569.825 1937463 76
 
27.065 502.06
[1] 646.6642 549.7119 2908116 118
[2] 1148.3004 570.3108 1842491 80
 
27.252 496.88
[1] 645.3757 558.8197 2877999 116
[2] 1142.1019 571.122 1861402 74
 
27.421 489.5
[1] 651.8603 553.2309 2845142 121
[2] 1141.038 571.1128 1853151 90
 
27.605 492.38
[1] 645.9014 560.4998 2836717 120
[2] 1138.2108 568.5975 1864784 78
 
27.788 497.24
[1] 645.2601 557.4095 2798936 113
[2] 1142.4835 560.9115 1838853 85
 
27.958 502.09
[1] 648.258 550.0879 2844647 118
[2] 1150.0129 568.4462 1852120 83
 
28.125 503.28
[1] 640.3363 557.4827 2775451 110
[2] 1143.5352 566.6329 1803273 83
 
28.378 497.39
[1] 603.899 547.8404 2455302 104
[2] 1101.0534 563.0787 1598960 72
 
28.561 500.94
[1] 598.1402 547.1655 2450587 106
[2] 1099.0252 554.896 1613812 72
 
28.746 503
[1] 601.5491 550.8125 2464445 103
[2] 1104.3021 566.66 1596802 74
 
28.923 498.43
[1] 604.579 545.7898 2483971 101
[2] 1102.9008 556.0179 1626214 66
 
29.096 498.44
[1] 603.9664 555.0509 2501921 107
[2] 1102.3895 558.7297 1640059 76
 
29.262 496.44
[1] 606.4369 551.9721 2497892 104
[2] 1102.8276 559.2647 1632432 71
 
29.446 499.39
[1] 609.6821 547.0349 2525778 103
[2] 1108.9669 557.2629 1647113 68
 
29.633 492.27
[1] 663.1056 553.2692 2918002 114
[2] 1155.0436 571.3052 1938849 82
 
29.818 496.3
[1] 648.4264 556.0301 2903462 122
[2] 1144.4627 572.0953 1942185 82
 
30.005 490.75
[1] 652.325 554.4708 2912880 120
[2] 1142.8781 568.2319 1936553 88
 
30.181 498.76
[1] 653.5713 558.452 2949954 119
[2] 1152.1895 570.222 1959462 86
 
30.363 501.95
[1] 649.4526 554.3882 2974023 124
[2] 1151.2017 568.6606 1986258 86
 
30.559 491.78
[1] 693.8373 563.4789 3198453 131
[2] 1185.5052 573.8765 2179907 94
 
30.746 493.18
[1] 701.4553 560.027 3131551 134
[2] 1194.4264 574.3629 2141005 92
 
30.937 499.36
[1] 702.2865 563.7652 3048354 125
[2] 1201.5173 574.9951 2063805 87
 
31.124 485.85
[1] 712.2149 560.033 2991592 123
[2] 1197.9105 572.3278 2043261 93
 
31.306 503.27
[1] 702.6073 563.4107 2999967 123
[2] 1205.7028 576.8176 2030595 93
 
31.493 493.69
[1] 726.5712 556.9407 3123945 131
[2] 1219.9543 574.4323 2143017 89
 
31.68 497.88
[1] 726.2544 556.1383 3140741 132
[2] 1223.7687 575.279 2151275 92
 
31.851 494.61
[1] 730.0102 557.2519 3221606 132
[2] 1224.4635 569.7117 2222181 92
 
32.029 508.04
[1] 736.3532 564.7641 3356207 139
[2] 1244.1885 579.1904 2302285 93
 
32.203 494.87
[1] 777.3112 551.0038 3544567 147
[2] 1271.9133 567.2841 2448117 98
 
32.385 509.05
[1] 773.31 558.5583 3484268 144
[2] 1282.0528 576.123 2368600 100
 
32.57 501.81
[1] 776.6093 556.1392 3463729 146
[2] 1278.2035 570.7482 2367174 97
 
32.76 497.18
[1] 782.1584 562.962 3480901 142
[2] 1279.2417 572.6505 2389073 98
 
32.949 493.83
[1] 802.6633 557.6738 3665341 155
[2] 1296.4381 565.3155 2548663 96
 
33.151 498.21
[1] 807.6894 547.7887 3660397 155
[2] 1305.4656 568.5354 2509110 101
 
33.336 486.97
[1] 805.853 542.0864 3632472 153
[2] 1292.6177 556.3893 2507354 99
 
33.505 483.8
[1] 816.4464 551.5092 3669517 153
[2] 1300.047 565.5326 2543816 102
 
33.681 479.63
[1] 852.2728 532.9892 3868263 164
[2] 1331.5802 550.4464 2665950 102
 
33.861 478.85
[1] 854.148 535.3171 3835994 165
[2] 1332.7111 551.7992 2643400 105
 
34.04 488.86
[1] 854.7821 532.8146 3850232 164
[2] 1343.3381 550.0756 2659234 101
 
34.221 491.99
[1] 856.3967 531.8694 3870860 163
[2] 1347.9927 551.6409 2663966 99
 
34.401 499.8
[1] 850.9848 528.3695 3867469 164
[2] 1350.3111 550.084 2657930 102
 
34.581 503.28
[1] 880.0233 521.3509 3958831 169
[2] 1382.9701 539.5499 2703803 107
 
34.777 492.55
[1] 885.0939 523.6739 3953183 167
[2] 1377.5264 534.5333 2715231 112
 
34.959 491.71
[1] 878.9339 520.5772 3943253 164
[2] 1370.401 536.022 2699548 111
 
35.142 489.26
[1] 879.1518 526.5622 3981004 169
[2] 1368.2659 538.5094 2722243 110
 
35.303 484.95
[1] 890.5192 530.4903 3985353 166
[2] 1375.4111 538.2431 2733501 110
 
35.507 480.27
[1] 923.6158 502.5197 4071094 181
[2] 1403.2992 526.2881 2777553 112
 
35.68 490.25
[1] 917.1078 501.9742 4112560 177
[2] 1406.9122 522.7635 2814893 115
 
35.872 483.42
[1] 916.69 502.1796 4110441 177
[2] 1399.8469 518.1758 2816014 117
 
36.052 490.94
[1] 917.9924 503.783 4165504 178
[2] 1408.6917 519.0784 2859590 116
 
36.235 493.92
[1] 917.2111 500.8715 4180641 175
[2] 1411.0369 510.3485 2870448 114
 
36.405 495.16
[1] 938.2823 481.7323 4253746 185
[2] 1432.696 508.926 2913538 113
 
36.587 490.1
[1] 942.5609 491.6374 4259232 179
[2] 1432.362 508.8064 2931103 118
 
36.769 480.32
[1] 943.0948 484.3596 4273591 183
[2] 1423.1515 500.1615 2945992 120
 
36.956 483.12
[1] 939.8519 487.8239 4278358 186
[2] 1422.819 500.0915 2952713 117
 
37.134 498.47
[1] 939.7645 487.4378 4329324 183
[2] 1437.8852 506.18 2970563 116
 
37.306 487.49
[1] 939.861 485.9701 4363201 190
[2] 1426.8891 507.2954 2995505 126
 
37.473 480.06
[1] 945.0706 488.6293 4348221 186
[2] 1424.6978 508.9037 2977907 121
 
37.652 482.65
[1] 962.5028 461.3547 4398757 189
[2] 1444.9401 475.5377 3017609 126
 
37.82 485.27
[1] 966.0363 465.8378 4418943 187
[2] 1451.0618 481.1913 3036912 121
 
38.01 492.82
[1] 959.2482 469.8253 4446739 192
[2] 1451.8596 484.1172 3054327 126
 
38.187 483.97
[1] 963.8814 467.9111 4508277 193
[2] 1447.4091 488.5807 3072983 121
 
38.358 487.17
[1] 968.1739 468.6473 4547251 197
[2] 1455.2823 476.201 3123446 129
 
38.537 484.7
[1] 963.9635 470.6902 4496908 200
[2] 1448.6556 473.3755 3102617 127
 
38.709 488.24
[1] 960.9004 462.3553 4493523 197
[2] 1448.7777 481.1419 3078116 124
 
38.89 482.49
[1] 972.7538 457.5859 4488175 193
[2] 1455.149 466.9844 3077519 129
 
39.085 494.54
[1] 973.8155 457.9595 4533275 195
[2] 1468.1244 472.9892 3098609 126
 
39.262 492.35
[1] 973.8536 456.2036 4562956 196
[2] 1466.074 467.361 3123329 127
 
39.441 481.63
[1] 974.0254 457.9961 4583918 200
[2] 1455.5475 468.11 3135602 129
 
39.611 483.07
[1] 974.4412 461.1086 4555712 198
[2] 1457.5099 461.2108 3131211 128
 
39.785 494.63
[1] 975.0887 458.8395 4578333 194
[2] 1469.6425 467.6744 3144317 130
 
39.963 491.92
[1] 974.7334 461.8682 4521837 196
[2] 1466.6253 467.1126 3122657 128
 
40.152 486.69
[1] 978.2995 456.9155 4532488 190
[2] 1464.9457 463.707 3117691 130
 
40.325 488.67
[1] 975.7157 453.5906 4521287 188
[2] 1464.0324 472.1563 3091644 129
 
40.496 494.32
[1] 977.272 452.6232 4540724 195
[2] 1471.2471 471.1324 3099782 132
 
40.672 494.02
[1] 975.9142 458.0246 4540319 199
[2] 1469.8357 467.8213 3116289 126
 
40.839 489.03
[1] 974.1293 459.7545 4570914 193
[2] 1463.1204 466.066 3148614 128
 
41.029 491.32
[1] 974.0284 455.3745 4586151 195
[2] 1465.335 459.5004 3159905 128
 
41.218 485.16
[1] 973.8188 456.9411 4617421 196
[2] 1458.8002 470.0559 3169938 133
 
41.387 494.28
[1] 973.7301 456.039 4610880 198
[2] 1467.9007 466.4163 3164158 134
 
41.56 488.82
[1] 973.9265 458.0807 4617348 201
[2] 1462.6698 466.984 3170351 125
 
41.732 492.91
[1] 974.1644 456.1856 4591928 193
[2] 1466.9514 467.0001 3148029 128
 
41.913 493.57
[1] 973.6395 456.3435 4584148 199
[2] 1467.0983 466.7362 3138620 131
 
42.095 501
[1] 973.834 457.3705 4566349 190
[2] 1474.6632 470.3005 3111917 132
 
42.295 492.24
[1] 972.8563 456.7448 4546324 197
[2] 1464.8496 472.1959 3111240 129
 
42.482 501.8
[1] 993.4326 435.8379 4580387 191
[2] 1494.687 459.2891 3093107 125
 
42.658 490.6
[1] 997.7522 436.0678 4569780 194
[2] 1488.1223 451.1673 3116215 126
 
42.827 486.79
[1] 998.8161 430.0602 4565667 198
[2] 1485.1635 450.8676 3104310 131
 
43.001 483.34
[1] 997.767 433.1129 4526493 194
[2] 1480.8349 449.2964 3097174 127
 
43.171 486.23
[1] 996.8458 436.2579 4496731 186
[2] 1482.6984 455.4171 3069817 126
 
43.352 489.21
[1] 999.1641 427.7026 4514977 194
[2] 1487.9025 449.1224 3076078 127
 
43.534 482.52
[1] 996.5145 437.5517 4522081 194
[2] 1478.7623 453.6594 3089713 127
 
43.721 487.03
[1] 993.5367 431.4875 4509359 191
[2] 1479.9366 456.2273 3063210 130
 
43.898 493.05
[1] 993.3159 426.6143 4502092 194
[2] 1486.028 444.8607 3067646 123
 
44.068 487.58
[1] 1011.5112 412.0883 4513110 193
[2] 1498.4292 437.5302 3059985 119
 
44.244 492.45
[1] 1007.9801 421.773 4466337 196
[2] 1500.2464 435.3478 3055980 120
 
44.424 493.38
[1] 1006.7495 415.4343 4429823 192
[2] 1499.5668 439.0037 3016925 126
 
44.608 483.33
[1] 1010.1177 412.6663 4409105 187
[2] 1493.2292 427.1553 3026059 118
 
44.799 490
[1] 1005.6435 420.2068 4361635 192
[2] 1495.5471 430.1563 3003151 122
 
44.962 489.67
[1] 1010.5208 409.3084 4354054 186
[2] 1499.7723 429.6124 2988000 121
 
45.133 477.99
[1] 1015.4332 410.7529 4346509 183
[2] 1492.8696 433.8208 2996250 120
 
45.327 491.02
[1] 1011.3201 424.1043 4296405 187
[2] 1502.2467 433.7468 2967772 119
 
45.507 497.42
[1] 1007.1693 414.8182 4267149 190
[2] 1504.2138 434.2383 2934001 118
 
45.701 489.47
[1] 1017.4561 416.9778 4285992 190
[2] 1506.6776 432.5082 2950422 125
 
45.885 495.25
[1] 1012.6332 413.6222 4292686 184
[2] 1507.5484 431.7317 2954192 118
 
46.069 493.59
[1] 998.9503 433.8221 4266490 181
[2] 1492.2017 452.0816 2945121 116
 
46.251 498.46
[1] 978.0132 456.7134 4227323 183
[2] 1476.3945 465.5896 2926228 124
 
46.448 496.74
[1] 979.6417 459.2963 4177425 175
[2] 1476.2271 471.8346 2891678 118
 
46.637 496.56
[1] 975.7721 455.9847 4150006 183
[2] 1472.2355 465.8991 2883668 116
 
46.823 495.26
[1] 971.2319 459.4069 4167542 174
[2] 1466.3817 469.8234 2884463 124
 
47.006 481.53
[1] 929.7918 486.4035 4144229 182
[2] 1411.1636 498.7438 2859757 118
 
47.188 494.41
[1] 932.0709 497.3688 4077828 177
[2] 1426.3341 509.5109 2822646 111
 
47.376 485.46
[1] 935.5455 489.687 4036780 172
[2] 1420.8174 503.3104 2786366 112
 
47.55 491.48
[1] 935.6596 493.4028 4016432 171
[2] 1426.7868 512.147 2759602 107
 
47.74 490.29
[1] 929.6245 490.8366 4059016 176
[2] 1419.5431 509.9909 2798009 119
 
47.916 491.41
[1] 931.218 486.7601 4035600 169
[2] 1422.2561 505.9743 2784131 109
 
48.098 493.29
[1] 935.8826 493.7629 4022999 166
[2] 1428.9074 510.0859 2769137 113
 
48.277 494.99
[1] 930.2835 488.1611 4003293 169
[2] 1425.112 500.6491 2769058 113
 
48.456 493.44
[1] 937.0942 489.4777 4030645 175
[2] 1430.2863 505.1561 2775651 108
 
48.649 483.13
[1] 933.3809 492.8602 4028164 173
[2] 1416.1906 510.3662 2768887 109
 
48.842 492.91
[1] 934.6882 490.6785 4034417 172
[2] 1427.116 512.4808 2777628 107
 
49.026 494.23
[1] 930.2899 492.0805 4012993 169
[2] 1424.1767 510.6184 2773007 108
 
49.209 500.6
[1] 931.3555 494.3087 4034471 170
[2] 1431.7331 509.1299 2784854 111
 
49.378 494.6
[1] 932.5915 487.2792 4041427 165
[2] 1426.7215 508.8594 2786194 117
 
49.55 494.47
[1] 931.437 495.0938 4035938 169
[2] 1425.6652 510.6545 2789745 112
 
49.749 488.51
[1] 936.5514 487.8907 4035444 169
[2] 1424.5723 509.6407 2780465 115
 
49.93 487.89
[1] 937.3775 491.1976 4029170 166
[2] 1424.9539 508.601 2781799 114
 
50.125 493.81
[1] 931.8088 488.8363 4039371 170
[2] 1425.2402 508.0857 2792531 112
 
50.291 492.89
[1] 935.928 493.3525 4077958 173
[2] 1428.5623 509.1846 2821681 111
 
50.462 502.25
[1] 916.9274 499.881 4063480 166
[2] 1418.6541 522.7049 2776803 114
 
50.634 492.3
[1] 909.3388 509.2365 4074826 167
[2] 1401.3835 525.2403 2807131 113
 
50.816 494.99
[1] 909.4902 505.3387 4091850 169
[2] 1404.2251 521.1749 2817405 111
 
50.996 491.95
[1] 907.7914 508.4729 4118712 174
[2] 1399.194 531.6229 2827251 116
 
51.189 485.37
[1] 909.1169 509.8954 4131330 174
[2] 1394.2294 525.7935 2855398 120
 
51.367 481.38
[1] 909.96 504.7339 4147789 165
[2] 1391.1391 518.6064 2875465 115
 
51.552 485.67
[1] 908.6644 501.0355 4156481 175
[2] 1393.8442 522.7744 2880215 117
 
51.722 478.3
[1] 912.5248 505.0769 4165971 176
[2] 1390.6494 517.9909 2898750 117
 
51.914 484.05
[1] 897.6607 516.4363 4120515 170
[2] 1381.4363 532.7276 2854828 117
 
52.097 494.47
[1] 863.4704 528.4105 4028127 167
[2] 1357.8869 535.4947 2786841 111
 
52.272 494.02
[1] 866.1772 529.0333 4033789 172
[2] 1360.1355 536.6982 2789822 112
 
52.435 484.23
[1] 872.3212 533.5417 4022629 166
[2] 1356.5295 537.6109 2799083 110
 
52.597 491.45
[1] 865.7453 531.7614 4030507 169
[2] 1356.946 547.3367 2788944 108
 
52.79 496.82
[1] 863.691 528.6702 4032915 170
[2] 1360.3632 540.8831 2788134 109
 
52.983 498.75
[1] 818.3785 541.4455 3822279 164
[2] 1316.747 560.9807 2625080 105
 
53.167 480.78
[1] 819.05 541.2245 3818465 159
[2] 1299.5865 556.5125 2646293 109
 
53.335 483.15
[1] 818.2955 548.0883 3826668 159
[2] 1301.3036 559.8091 2659887 107
 
53.519 487.12
[1] 819.2784 551.0859 3823211 159
[2] 1306.3593 557.3368 2669360 102
 
53.701 483.65
[1] 824.5448 545.2137 3857271 160
[2] 1307.8548 563.268 2683816 107
 
53.895 500.5
[1] 812.6565 541.7791 3871161 162
[2] 1312.8571 559.0381 2680139 106
 
54.087 483.84
[1] 821.6314 549.0421 3865409 162
[2] 1305.4143 556.1869 2704950 111
 
54.275 492.18
[1] 821.6687 542.3276 3866609 159
[2] 1313.538 559.7137 2682002 111
 
54.453 482.17
[1] 817.375 541.4173 3853215 164
[2] 1299.2617 557.8456 2675574 102
 
54.635 484.64
[1] 819.0899 548.4864 3833852 159
[2] 1303.6627 556.3804 2674270 104
 
54.813 477.76
[1] 823.091 544.3595 3799344 166
[2] 1300.7385 554.7148 2651238 104
 
55.026 490.88
[1] 821.4729 543.9895 3790308 166
[2] 1311.7282 568.8122 2610909 102
 
55.238 481.51
[1] 826.8216 549.1228 3757051 159
[2] 1308.0835 564.4687 2618638 105
 
55.42 479.64
[1] 822.2661 541.2381 3772177 156
[2] 1301.6332 557.4886 2619879 103
 
55.584 478.37
[1] 827.9066 543.7102 3766030 158
[2] 1306.0966 556.9472 2631704 104
 
55.759 481.92
[1] 826.1348 547.1788 3787806 157
[2] 1307.9487 557.1372 2645772 106
 
55.944 483.7
[1] 823.3843 537.8668 3811576 157
[2] 1306.7604 555.5056 2654806 105
 
56.123 476.66
[1] 861.4677 538.0631 3976422 168
[2] 1337.8344 554.911 2768853 110
 
56.319 489.02
[1] 859.7768 530.3156 4004735 168
[2] 1348.3814 550.4755 2781207 110
 
56.506 482.56
[1] 861.5767 532.4458 3998923 167
[2] 1344.0914 539.0854 2788547 105
 
56.675 499.85
[1] 855.5689 528.1641 3999889 171
[2] 1355.0625 546.9889 2763825 104
 
56.871 498.53
[1] 861.183 530.3574 3954143 168
[2] 1359.5871 541.6027 2729952 104
 
57.042 475.18
[1] 859.8434 530.3683 3941800 167
[2] 1334.3805 555.1704 2718159 107
 
57.222 483.5
[1] 868.8333 522.8103 3988621 158
[2] 1352.162 535.7944 2771986 108
 
57.414 492.81
[1] 880.886 522.3453 4072007 170
[2] 1373.5617 533.6694 2827448 111
 
57.594 493.57
[1] 880.8143 511.4207 4082493 171
[2] 1373.9562 532.0262 2826249 109
 
57.772 480.78
[1] 881.4103 523.9483 4075413 172
[2] 1362.0394 535.9876 2830014 113
 
57.936 486.46
[1] 885.3886 521.0338 4078195 169
[2] 1371.6631 534.2976 2832201 110
 
58.118 488.93
[1] 883.0567 518.5754 4113729 170
[2] 1371.7953 532.4274 2851308 116
 
58.298 482.39
[1] 898.0844 521.6043 4116634 179
[2] 1380.4 529.9047 2864946 113
 
58.487 490.35
[1] 899.9053 518.694 4130806 174
[2] 1390.1684 528.1153 2867513 114
 
58.672 475.55
[1] 901.1604 500.0562 4139301 170
[2] 1376.282 520.1532 2859329 113
 
58.846 475.48
[1] 905.8777 507.9556 4143958 177
[2] 1381.0236 525.8852 2866982 115
 
59.007 481.26
[1] 905.1389 504.6912 4174143 172
[2] 1385.9276 526.0509 2885593 113
 
59.191 489.55
[1] 898.1297 507.7261 4187489 174
[2] 1387.5305 519.7472 2896332 121
 
59.368 481.42
[1] 898.5614 511.5056 4193114 176
[2] 1379.5377 532.0798 2884108 120
 
59.553 482.39
[1] 913.8026 501.9626 4225423 179
[2] 1395.677 524.3244 2912271 117
 
59.736 477.68
[1] 917.2461 497.3696 4225835 180
[2] 1394.5872 515.4345 2911259 112
 
59.901 481.97
[1] 923.7549 494.693 4236120 182
[2] 1405.2185 516.7619 2924082 117
 
60.077 487.81
[1] 917.8642 497.7645 4293426 183
[2] 1405.1932 519.4347 2955689 125
 
60.257 476.45
[1] 923.3648 498.55 4365450 178
[2] 1399.4229 517.8027 3008691 124
 
60.446 483.14
[1] 917.9808 498.4409 4416120 180
[2] 1400.796 516.0387 3044711 122
 
60.632 477.93
[1] 915.3098 501.0301 4419136 180
[2] 1393.0547 514.4215 3044104 124
 
60.806 488.95
[1] 917.6788 497.1266 4366266 172
[2] 1406.0923 519.973 2997204 121
 
60.989 485.72
[1] 918.9511 492.2733 4362052 188
[2] 1404.0373 517.1245 2996852 121
 
61.172 478.36
[1] 935.3386 490.6523 4367976 185
[2] 1413.2827 510.5279 3008577 121
 
61.351 480.55
[1] 927.4995 490.4594 4397148 191
[2] 1407.663 509.6871 3022539 116
 
61.544 482.69
[1] 932.7381 491.4154 4423649 184
[2] 1414.9657 512.4624 3045514 118
 
61.731 473.07
[1] 932.9952 492.6376 4421480 193
[2] 1405.6217 513.0938 3031445 126
 
61.91 487.03
[1] 927.0004 486.197 4352322 186
[2] 1413.6416 505.693 3000662 125
 
62.074 493.1
[1] 927.2263 490.8632 4278536 178
[2] 1419.9807 509.1901 2947882 116
 
62.25 478.19
[1] 933.1178 493.7626 4218106 176
[2] 1410.9684 511.7846 2904989 117
 
62.428 469.73
[1] 934.0684 489.6401 4208501 175
[2] 1403.6085 503.0084 2898762 113
 
62.616 485.98
[1] 930.3852 490.7812 4281261 181
[2] 1416.1608 504.9281 2958242 123
 
62.808 491.27
[1] 930.6068 484.2088 4362504 185
[2] 1421.2356 509.3406 2997063 118
 
62.992 486.36
[1] 935.2007 489.5368 4432898 190
[2] 1420.8437 515.8698 3034454 118
 
63.165 488.56
[1] 929.2505 486.4722 4463547 190
[2] 1417.1373 512.1364 3062124 119
 
63.345 485.29
[1] 931.0449 483.1548 4424758 184
[2] 1415.7833 506.2547 3047786 122
 
63.53 484.86
[1] 938.9571 490.3409 4425621 189
[2] 1423.3895 510.5914 3048030 124
 
63.71 491.41
[1] 928.0936 486.9911 4366988 188
[2] 1419.2113 503.9399 3016237 117
 
63.889 481.09
[1] 931.2609 484.1659 4364210 186
[2] 1411.6871 509.3754 3008804 121
 
64.078 484.11
[1] 933.7966 484.9263 4333546 184
[2] 1417.7045 498.994 3013958 118
 
64.242 483.85
[1] 936.1419 489.3267 4372168 183
[2] 1419.8308 501.8454 3049330 115
 
64.418 484.36
[1] 934.0613 489.2988 4431903 185
[2] 1418.1509 505.5097 3102054 124
 
64.588 475.37
[1] 933.9727 491.3075 4458660 189
[2] 1408.9564 510.4723 3133839 124
 
64.79 487.59
[1] 930.6383 487.5348 4509179 195
[2] 1417.9981 502.4301 3195644 122
 
64.98 482.38
[1] 932.1056 488.583 4609862 194
[2] 1414.155 506.4158 3270180 128
 
65.159 481.79
[1] 934.4551 492.2659 4640748 196
[2] 1416.1391 502.5251 3309386 130
 
65.338 485.72
[1] 936.0525 489.2016 4665492 198
[2] 1421.3624 509.2575 3325544 124
 
65.518 484.38
[1] 934.0612 490.0847 4654471 193
[2] 1418.0496 509.6555 3326566 125
 
65.709 478.17
[1] 931.2446 497.936 4585552 188
[2] 1409.2363 511.1233 3291721 121
 
65.909 485.95
[1] 932.2334 488.0721 4557919 189
[2] 1417.8915 504.8962 3278546 123
 
66.092 480.43
[1] 934.386 491.6312 4536702 188
[2] 1414.3279 513.2036 3257705 125
 
66.27 495.74
[1] 928.7207 491.8133 4508295 192
[2] 1424.4191 497.9612 3263137 122
 
66.443 473.27
[1] 935.0384 486.6911 4515344 189
[2] 1407.9678 504.5823 3251174 125
 
66.628 494.93
[1] 929.2978 493.2085 4523477 197
[2] 1423.8892 511.619 3256665 123
 
66.802 493.84
[1] 928.4185 489.6147 4557868 187
[2] 1422.0229 504.7616 3282922 124
 
66.978 474.84
[1] 936.7045 489.9166 4537070 196
[2] 1411.0357 511.8809 3252601 127
 
67.173 489.56
[1] 928.5864 491.7394 4481809 187
[2] 1418.0418 501.7141 3235766 127
 
67.387 483.86
[1] 934.8791 493.1087 4544623 188
[2] 1418.3596 512.3639 3257465 123
 
67.563 472.06
[1] 942.6584 489.81 4561490 192
[2] 1414.4207 506.4324 3287117 131
 
67.74 491.61
[1] 932.5203 492.2393 4572430 187
[2] 1424.0704 499.8869 3292890 132
 
67.921 486.95
[1] 928.2679 487.5568 4523652 186
[2] 1414.7827 508.2074 3247884 129
 
68.098 487.04
[1] 937.1705 491.0807 4496510 181
[2] 1424.1165 500.5181 3241706 123
 
68.296 476.18
[1] 936.6726 487.8063 4473497 181
[2] 1412.256 511.6368 3204876 123
 
68.472 481.93
[1] 937.0395 489.8466 4451287 188
[2] 1418.2621 516.0095 3188427 123
 
68.642 491.39
[1] 933.9983 489.0009 4465204 186
[2] 1425.2519 500.735 3214250 120
 
68.822 492.54
[1] 932.2071 490.555 4982108 203
[2] 1424.6437 500.7965 3474726 143
 
68.992 486.41
[1] 931.2561 495.5383 4872987 202
[2] 1417.5357 506.9088 3434002 131
 
69.176 478.04
[1] 937.3327 489.8858 4371602 187
[2] 1414.8491 512.285 3126710 123
 
69.359 475.48
[1] 938.0752 490.5676 4321734 184
[2] 1413.0718 511.9622 3068850 121
 
69.542 482.37
[1] 938.7319 487.1743 4285739 182
[2] 1420.8016 504.1106 3034893 123
 
69.713 478.51
[1] 937.4509 489.8678 4270957 180
[2] 1415.4441 512.2065 2995163 117
 
69.883 489.78
[1] 934.2346 488.5481 4284237 185
[2] 1423.5686 509.4885 3003865 124
 
70.082 479.82
[1] 942.5424 486.7814 4334938 182
[2] 1422.122 501.8629 3063182 126
 
70.262 482.9
[1] 935.9797 489.4174 4406900 185
[2] 1418.7165 502.1188 3108146 121
 
70.45 485.23
[1] 932.222 484.4932 4456761 191
[2] 1416.6809 511.79 3122197 128
 
70.622 485.69
[1] 936.703 485.62 4475897 189
[2] 1422.0202 504.7391 3148532 132
 
70.804 483.22
[1] 935.9853 489.1011 4465563 191
[2] 1418.8234 508.3094 3140370 134
 
70.99 484.43
[1] 937.8586 489.3758 4421625 181
[2] 1421.9718 506.8076 3113968 120
 
71.183 482.01
[1] 934.8621 488.0391 4416508 190
[2] 1416.2733 512.0384 3100226 128
 
71.376 487.18
[1] 937.8918 488.7795 4409969 185
[2] 1424.9495 499.8228 3118418 130
 
71.561 486.18
[1] 936.6315 486.5891 4423908 182
[2] 1422.3317 508.1537 3117477 126
 
71.751 486.45
[1] 937.6451 485.6827 4409301 188
[2] 1423.758 503.7696 3115712 131
 
71.932 497.55
[1] 927.8947 484.9459 4376640 190
[2] 1425.2007 500.5472 3112616 123
 
72.109 488.19
[1] 935.9535 491.6587 4373311 192
[2] 1424.0898 498.7141 3121671 130
 
72.308 489.92
[1] 936.9806 488.2599 4415290 185
[2] 1426.6277 504.7011 3136816 130
 
72.494 491.68
[1] 936.0295 489.9841 4403011 187
[2] 1427.369 508.3507 3129924 132
 
72.686 483.21
[1] 934.341 490.4093 4383815 189
[2] 1417.186 509.1294 3118742 125
 
72.875 487.74
[1] 938.2998 486.2161 4364720 187
[2] 1425.8506 499.7638 3102092 126
 
73.057 490.51
[1] 935.9722 489.2211 4355205 188
[2] 1426.0191 510.418 3074110 127
 
73.247 492.25
[1] 936.7686 489.5702 4327233 187
[2] 1428.7577 505.5701 3049172 126
 
73.445 480.91
[1] 943.6399 490.1374 4293892 182
[2] 1424.1483 509.8173 3027986 122
 
73.637 497.06
[1] 933.1113 484.4541 4258678 180
[2] 1429.4824 510.5268 2989007 130
 
73.843 499.27
[1] 935.7645 489.9701 4277512 182
[2] 1434.3331 516.4722 2980815 122
 
74.026 498.45
[1] 936.9783 482.753 4326813 188
[2] 1434.8608 506.5498 3027126 132
 
74.203 504.77
[1] 931.9038 488.6603 4352708 186
[2] 1436.2976 508.2352 3044242 120
 
74.394 495.39
[1] 937.9098 484.5517 4372068 184
[2] 1432.9594 502.9439 3079762 127
 
74.58 509.21
[1] 936.1981 483.215 4374981 179
[2] 1444.8016 507.9747 3042830 127
 
74.769 492.05
[1] 943.5247 489.3072 4345097 181
[2] 1435.2275 507.8918 3083156 122
 
74.962 500.22
[1] 937.0891 498.6059 4345680 179
[2] 1436.8739 519.3929 3057032 119
 
75.143 506.41
[1] 932.4176 484.5408 4392569 186
[2] 1438.0225 513.1365 3083335 125
 
75.327 511.48
[1] 925.2064 483.8745 4441613 192
[2] 1435.7916 514.1593 3116386 124
 
75.501 501.37
[1] 929.6409 487.5401 4446857 191
[2] 1430.0905 517.9257 3109142 124
 
75.688 508.37
[1] 931.3377 498.2045 4396514 182
[2] 1439.6602 505.2796 3067628 124
 
75.872 497.01
[1] 925.734 484.1313 4380881 190
[2] 1422.2019 507.236 3087474 116
 
76.063 496.51
[1] 928.4481 493.1794 4384272 186
[2] 1424.6249 511.415 3063901 122
 
76.24 498.31
[1] 928.7222 489.5171 4381033 189
[2] 1426.714 507.3577 3051361 116
 
76.416 489.35
[1] 934.9191 485.1731 4379971 185
[2] 1424.0569 499.6711 3056827 120
 
76.603 495.11
[1] 928.7097 491.9508 4361345 187
[2] 1423.7407 500.6687 3040088 121
 
76.78 489.96
[1] 922.7608 497.0997 4333054 181
[2] 1412.4476 513.4783 3015334 122
 
76.992 488.41
[1] 811.5669 555.705 3420691 141
[2] 1299.7718 569.83 2373227 99
 
77.164 416.68
[1] 941.1552 515.2922 615441 44
[2] 1336.4013 647.1983 65315 0
 
77.339 333.08
[1] 1032.4078 485.076 7452 0
[2] 1319.5046 653.9501 1258 0
 
77.504 275.92
[1] 1147.7875 365.7528 37990 0
[2] 1306.0526 591.7645 1063 0
 
77.677 408.45
[1] 1160.3426 319.0504 53578 0
[2] 1247.0918 718.1779 1149 0
 
77.861 488.82
[1] 1133.3408 243.753 95576 0
[2] 1282.0474 709.4043 823 0
 
78.045 686.49
[1] 1013.5215 111.8292 815724 39
[2] 1307.7932 732.0517 743 0
