time, avg distance
[1...n] x_centroid, y_centroid, integrated intensity, intensity_centroid
 
0.071778 453.28
[1] 335.573 1078.2797 4540234 191
[2] 788.6909 1090.4759 3270954 127
 
0.23239 451.87
[1] 339.4452 1076.4838 4587530 192
[2] 790.8267 1097.5481 3286840 130
 
0.50533 458.15
[1] 331.9966 1080.2551 4645044 200
[2] 790.0698 1088.8452 3326265 134
 
0.66005 452.53
[1] 334.8231 1074.7841 4687827 196
[2] 786.9547 1093.6794 3333884 132
 
0.82859 451.72
[1] 332.1608 1074.8558 4734598 205
[2] 783.6688 1088.6413 3359287 133
 
0.98823 453.59
[1] 334.892 1074.8219 4762379 204
[2] 788.2387 1089.7016 3378539 131
 
1.1469 458.93
[1] 334.421 1078.7662 4781671 203
[2] 793.2715 1087.2163 3399485 135
 
1.2978 452.37
[1] 338.2807 1078.6939 4820396 201
[2] 790.5511 1088.3386 3419034 136
 
1.4475 458.89
[1] 330.2009 1080.8364 4833891 207
[2] 788.9381 1092.5578 3423366 134
 
1.605 457.91
[1] 334.6774 1076.5962 4889309 207
[2] 792.2106 1095.2057 3447603 135
 
1.7835 452.59
[1] 338.8452 1074.0842 4896158 214
[2] 791.3624 1082.0012 3459991 136
 
1.9476 449.96
[1] 339.3794 1075.1513 4944294 215
[2] 789.1464 1088.1603 3483326 138
 
2.1109 455.22
[1] 335.2074 1077.6834 4977379 216
[2] 790.1973 1092.0184 3500251 144
 
2.2663 444.54
[1] 343.5018 1072.3572 5008403 212
[2] 787.4405 1095.4977 3508817 140
 
2.4224 459.35
[1] 337.5671 1077.0101 5060364 217
[2] 796.5395 1095.5378 3542171 139
 
2.5822 448.1
[1] 343.574 1078.6077 5070196 216
[2] 791.5328 1089.9402 3573905 141
 
2.8178 447.82
[1] 342.3479 1081.5578 5161076 220
[2] 789.8763 1097.653 3624216 141
 
3.0163 451.54
[1] 336.6003 1078.6316 5192025 223
[2] 787.7927 1096.3289 3616457 143
 
3.2195 459.12
[1] 334.2679 1080.2467 5221076 218
[2] 793.2649 1090.8847 3640027 142
 
3.3705 449.43
[1] 338.9184 1077.5372 5245597 220
[2] 788.0058 1095.0563 3637180 141
 
3.5238 470.33
[1] 333.6881 1080.6341 5252879 225
[2] 803.9526 1088.568 3654378 147
 
3.6816 460.42
[1] 336.4573 1073.3227 5277899 224
[2] 796.635 1088.3791 3668218 148
 
3.8466 463.07
[1] 341.0749 1079.8301 5297161 226
[2] 803.7952 1097.7425 3666737 142
 
4.012 458.27
[1] 337.4241 1072.7963 5315164 224
[2] 795.3685 1090.1913 3687833 143
 
4.1711 451.65
[1] 338.3259 1072.8287 5322595 226
[2] 789.5525 1092.3876 3685237 146
 
4.327 457.26
[1] 340.5622 1061.3732 5421864 231
[2] 797.5229 1077.9554 3755453 147
 
4.4904 458.97
[1] 339.1206 1052.7277 5514819 235
[2] 797.8821 1066.469 3818424 151
 
4.6478 464.78
[1] 338.1713 1054.788 5527282 239
[2] 802.9233 1059.9419 3832466 153
 
4.8875 462.19
[1] 341.1356 1049.0903 5525655 235
[2] 802.9985 1066.3796 3820365 152
 
5.0531 467.88
[1] 342.9894 1035.3424 5585041 237
[2] 810.675 1048.6691 3848022 157
 
5.215 468.9
[1] 342.6253 1027.0524 5656101 239
[2] 811.3304 1040.4327 3894587 158
 
5.4435 469.52
[1] 341.7064 1024.4812 5693272 240
[2] 810.8529 1043.3171 3909286 160
 
5.5952 457.42
[1] 344.7027 1025.0488 5678322 238
[2] 801.9628 1037.0431 3926130 156
 
5.7563 468.47
[1] 348.207 989.1925 5824012 247
[2] 816.3178 1007.6401 3995141 165
 
5.9209 464.54
[1] 350.7428 980.9852 5836083 248
[2] 814.931 998.9966 4014684 161
 
6.087 462.97
[1] 349.1972 984.2694 5832495 246
[2] 811.7456 1004.1299 4010803 162
 
6.2521 464.65
[1] 350.7052 980.531 5848415 250
[2] 815.0793 996.4884 4036003 162
 
6.4078 465.88
[1] 368.7056 932.1479 6037082 255
[2] 834.4062 944.9168 4153183 169
 
6.5639 469.76
[1] 370.1589 920.359 6038918 254
[2] 839.6301 936.7994 4140844 168
 
6.721 470.38
[1] 370.7759 921.9139 6012947 252
[2] 840.7479 941.4311 4117451 166
 
6.8879 465.21
[1] 372.2103 923.7368 6043353 255
[2] 837.0064 943.4178 4148133 169
 
7.0548 466.36
[1] 400.7268 875.2961 6131006 255
[2] 866.8567 889.8097 4237952 171
 
7.2172 461.9
[1] 401.3044 873.3699 6185166 255
[2] 862.9702 888.1522 4282753 179
 
7.4054 465.82
[1] 402.0625 873.0989 6213510 255
[2] 867.5907 889.6914 4292720 173
 
7.5605 469.18
[1] 408.9291 857.8788 6220036 255
[2] 877.957 869.678 4290415 178
 
7.7183 467.96
[1] 430.0793 831.8504 6204348 255
[2] 897.6682 850.4299 4270550 178
 
7.8872 462.02
[1] 430.0392 834.7977 6203213 255
[2] 891.6511 854.2316 4280352 179
 
8.1237 457.78
[1] 429.5002 833.0151 6168811 255
[2] 886.9019 851.5376 4261151 179
 
8.3382 462.95
[1] 430.1523 834.1167 6179946 255
[2] 892.8095 850.4501 4282559 180
 
8.4945 461.86
[1] 430.2072 832.3498 6146357 255
[2] 891.666 851.5829 4261717 184
 
8.6525 469.18
[1] 429.452 831.4013 6124273 255
[2] 898.1658 852.245 4214034 177
 
8.8189 464.87
[1] 430.0836 833.6211 6077156 255
[2] 894.5624 852.7371 4194320 176
 
8.9905 467.98
[1] 429.3743 833.4167 6076523 252
[2] 896.9596 852.5437 4189234 172
 
9.1643 470.47
[1] 430.2563 833.4058 6051917 254
[2] 900.5016 847.7992 4175239 172
 
9.3379 468.15
[1] 429.1516 836.3 6051150 254
[2] 896.9619 854.0298 4179692 173
 
9.5135 460.33
[1] 428.6285 830.5095 6043286 255
[2] 888.606 848.4245 4188775 178
 
9.7273 468.68
[1] 430.0493 832.8799 6028715 249
[2] 898.2889 853.2415 4162427 181
 
9.8924 470.19
[1] 430.3983 831.9019 6011462 255
[2] 900.3294 847.4832 4158453 174
 
10.065 466.95
[1] 430.7728 833.3102 5999146 252
[2] 897.3131 852.9423 4154055 169
 
10.236 470.3
[1] 430.5512 829.6922 5974068 255
[2] 900.5469 846.7347 4137077 173
 
10.404 456.73
[1] 430.3718 832.9289 5980599 246
[2] 886.8801 846.9971 4166788 174
 
10.565 467.61
[1] 431.1176 833.4966 5977330 252
[2] 898.2044 855.644 4143700 167
 
10.736 464.14
[1] 431.4417 837.2064 6008207 251
[2] 895.0743 858.9867 4172722 171
 
10.897 463.31
[1] 432.0956 834.9616 6020854 251
[2] 895.0586 853.0029 4194295 172
 
11.071 468.18
[1] 431.2689 835.8961 6037890 255
[2] 899.0754 854.6861 4199755 168
 
11.296 455.86
[1] 432.3884 834.9838 6042516 250
[2] 887.8904 853.1117 4223367 173
 
11.471 466.4
[1] 432.2956 835.6082 6029206 248
[2] 898.2174 856.7302 4206056 171
 
11.628 466.92
[1] 431.4841 833.5459 6027133 250
[2] 897.972 853.6913 4207927 172
 
11.806 460.87
[1] 430.5199 832.0879 5991630 249
[2] 890.996 851.2483 4192891 172
 
11.982 469.1
[1] 431.5265 831.8665 5983722 245
[2] 900.2699 850.0304 4180668 172
 
12.166 470.88
[1] 430.4946 831.6619 5922990 250
[2] 900.9288 852.0561 4137338 163
 
12.335 467.33
[1] 433.1959 833.7504 5915388 246
[2] 900.07 854.3963 4142069 179
 
12.502 470.05
[1] 432.3349 834.3195 5882474 245
[2] 902.1428 849.4011 4126600 170
 
12.669 470.99
[1] 429.3907 835.9979 5882292 244
[2] 899.9917 855.0956 4127418 171
 
12.848 469.96
[1] 431.0454 832.9695 5875103 240
[2] 900.551 853.6736 4110130 177
 
13.016 469.17
[1] 430.5859 836.3556 5873001 243
[2] 899.3757 855.134 4113200 163
 
13.201 473.8
[1] 427.5462 830.7321 5855222 239
[2] 900.7116 855.2059 4094422 166
 
13.366 467.83
[1] 431.0005 833.6196 5841705 240
[2] 898.4147 853.272 4100746 178
 
13.586 475.3
[1] 428.4469 834.6364 5830068 240
[2] 903.3032 855.1265 4084451 164
 
13.739 468.61
[1] 431.874 834.941 5831929 241
[2] 900.0138 855.951 4089229 168
 
13.9 472.46
[1] 430.5235 832.4139 5813711 241
[2] 902.662 849.7653 4077827 168
 
14.134 466.31
[1] 432.7154 835.5999 5774412 243
[2] 898.6748 853.6047 4057247 164
 
14.301 465.48
[1] 433.9072 838.5609 5767466 241
[2] 899.1166 854.3224 4055549 167
 
14.466 473.67
[1] 428.6725 836.8343 5800202 243
[2] 901.8057 859.2765 4056959 168
 
14.642 470.92
[1] 425.0697 827.2017 5823728 242
[2] 895.3104 852.5156 4088826 168
 
14.824 479.95
[1] 424.8483 836.7782 5830568 236
[2] 904.2408 859.9916 4063983 168
 
15.012 471.95
[1] 427.7287 832.4436 5809287 248
[2] 899.1863 853.9082 4067176 168
 
15.18 469.61
[1] 429.8983 837.4634 5800847 243
[2] 899.1625 855.4798 4065170 164
 
15.349 474.57
[1] 424.6416 836.8436 5776941 240
[2] 898.8913 854.2365 4052296 166
 
15.516 470.85
[1] 432.1685 835.9438 5782775 237
[2] 902.7392 852.1083 4047144 166
 
15.674 474.68
[1] 426.7285 833.9511 5787456 238
[2] 900.9839 854.0011 4052616 178
 
15.855 474.32
[1] 424.4648 836.8215 5825334 245
[2] 898.4738 854.0922 4082879 164
 
16.035 473.15
[1] 425.851 833.9664 5868865 242
[2] 898.3284 859.2762 4095248 171
 
16.206 470.27
[1] 427.3691 835.5292 5875314 246
[2] 897.0471 859.1626 4098915 173
 
16.381 470.06
[1] 428.721 834.0906 5921059 251
[2] 898.3621 853.8492 4127157 173
 
16.549 470.37
[1] 427.9239 838.3447 5990133 255
[2] 897.9893 855.3068 4169027 179
 
16.71 468.83
[1] 428.7745 837.2923 6023518 253
[2] 897.3446 852.8832 4189132 174
 
16.878 472.26
[1] 426.8126 836.4298 5993634 252
[2] 898.6777 855.7434 4147909 167
 
17.102 468.31
[1] 427.1909 835.7477 5968902 253
[2] 895.1341 854.1678 4129270 178
 
17.272 462.52
[1] 426.8608 837.5235 5982608 252
[2] 888.6565 863.3945 4126157 177
 
17.453 471.07
[1] 427.0324 834.6493 5980759 254
[2] 897.7111 853.7782 4125577 171
 
17.614 469.51
[1] 426.7886 833.283 5986096 246
[2] 895.9841 850.3991 4135471 174
 
17.785 472.32
[1] 426.8279 833.7864 5990939 255
[2] 898.7356 853.589 4124698 171
 
17.95 469.24
[1] 427.3463 838.909 5954801 248
[2] 896.0137 862.1397 4102450 171
 
18.122 470.8
[1] 427.0486 837.027 5917166 255
[2] 897.5085 854.9877 4085225 171
 
18.289 460.34
[1] 427.7033 835.0394 5872982 243
[2] 887.6469 854.1106 4067196 167
 
18.458 471.21
[1] 425.9576 834.1491 5883805 248
[2] 896.7074 854.9017 4062483 175
 
18.62 473.15
[1] 426.6581 833.9134 5885206 249
[2] 899.2881 855.9923 4054055 171
 
18.794 462.15
[1] 426.0278 833.8248 5921638 252
[2] 887.9007 849.9469 4100311 169
 
18.966 476.77
[1] 440.623 818.8267 5926973 253
[2] 917.2273 831.4697 4089840 166
 
19.136 474.27
[1] 446.5321 815.1564 5969205 255
[2] 920.3485 835.866 4110560 172
 
19.322 466.07
[1] 447.3431 813.3366 5994351 254
[2] 913.1452 829.1852 4143735 171
 
19.508 472.85
[1] 447.7256 821.2758 5993528 248
[2] 920.2672 838.3879 4133335 169
 
19.669 467.63
[1] 445.5271 814.2466 5978670 253
[2] 912.941 828.5227 4139520 170
 
19.832 468.67
[1] 447.7124 814.1409 5972086 255
[2] 916.1468 829.1244 4134863 169
 
20.005 465.06
[1] 462.9427 799.4413 5936577 247
[2] 927.8139 812.8407 4115263 165
 
20.177 468.48
[1] 460.8374 801.4456 5947378 251
[2] 928.888 821.3855 4114102 171
 
20.344 465.8
[1] 461.2581 799.2582 5956249 255
[2] 926.9032 811.4372 4131594 175
 
20.521 458.98
[1] 463.0518 800.5319 5957868 250
[2] 921.431 823.9737 4116577 171
 
20.679 469.17
[1] 462.9166 801.0303 5946769 250
[2] 931.7203 819.5539 4114352 168
 
20.837 461.11
[1] 462.8589 804.2345 5931471 255
[2] 923.6383 821.6928 4115324 168
 
21.002 463.26
[1] 462.839 803.0411 5927930 252
[2] 925.8234 818.9402 4114857 178
 
21.176 460.21
[1] 461.2679 800.1117 5907111 252
[2] 921.3371 811.6544 4106592 172
 
21.345 469.31
[1] 461.2646 800.2162 5923304 248
[2] 930.1514 820.155 4097723 168
 
21.519 464.81
[1] 462.7289 800.0291 5906742 253
[2] 927.3879 811.7714 4101093 173
 
21.695 466.34
[1] 461.8521 802.1379 5930482 255
[2] 927.9702 816.4624 4111938 163
 
21.854 456.53
[1] 461.7668 798.0519 5946261 249
[2] 918.0752 812.3916 4117688 175
 
22.017 456.86
[1] 461.2004 803.2503 5975334 255
[2] 917.9143 814.6569 4137208 174
 
22.209 468.6
[1] 461.7889 801.2582 6023178 255
[2] 929.9878 820.6705 4153723 176
 
22.388 463.21
[1] 460.726 800.1029 6069292 255
[2] 923.7899 811.9219 4195442 176
 
22.561 462.84
[1] 460.8485 800.819 6078658 255
[2] 923.5699 811.2991 4201953 168
 
22.721 470.05
[1] 459.8654 803.0427 6081117 253
[2] 929.5638 821.2105 4189155 168
 
22.883 463.81
[1] 459.1308 801.6496 6041630 255
[2] 922.8311 811.5812 4179715 167
 
23.073 463.1
[1] 459.8038 802.9629 6041099 250
[2] 922.7773 813.8703 4176803 174
 
23.254 457.04
[1] 460.6977 797.8763 5993575 255
[2] 917.5121 812.1333 4140896 171
 
23.418 464.61
[1] 460.6892 803.6752 5957864 253
[2] 925.1749 814.3859 4125879 167
 
23.577 462.14
[1] 461.1146 799.6632 5946535 252
[2] 923.0799 812.3909 4121442 168
 
23.743 462.58
[1] 460.3342 799.3138 5926484 246
[2] 922.8234 808.6448 4114843 167
 
23.907 458.93
[1] 460.5114 798.0481 5948720 251
[2] 919.3152 808.914 4124809 166
 
24.127 460.34
[1] 459.8951 802.4133 5921257 253
[2] 920.1101 812.9511 4107209 166
 
24.304 463.52
[1] 459.7243 802.5986 5935537 247
[2] 923.1196 813.5375 4121790 169
 
24.471 463.38
[1] 459.1951 799.9203 5930646 255
[2] 922.489 808.7142 4119518 159
 
24.626 464.65
[1] 459.6597 800.6225 5950125 255
[2] 924.2246 809.6683 4129628 167
 
24.794 462.72
[1] 460.5451 798.3391 5927875 250
[2] 923.0726 811.7063 4110487 163
 
24.959 463.35
[1] 465.4446 796.0808 5910426 249
[2] 928.5838 810.1079 4100875 167
 
25.14 470.9
[1] 470.724 790.826 5858584 249
[2] 941.5746 797.4323 4062198 164
 
25.311 461.75
[1] 470.9905 791.6623 5858133 250
[2] 932.6678 799.6932 4073956 164
 
25.474 467.87
[1] 470.2452 790.258 5873076 251
[2] 938.0929 794.7554 4079167 164
 
25.646 467.11
[1] 470.1615 793.6327 5868723 253
[2] 937.034 808.4581 4086324 167
 
25.818 471.85
[1] 470.0093 788.9999 5851214 255
[2] 941.7786 797.7246 4078736 166
 
25.999 476.46
[1] 476.871 789.3152 5813456 242
[2] 953.2826 796.073 4058189 172
 
26.167 460.77
[1] 496.6159 771.8621 5764346 251
[2] 957.0592 789.101 4022392 166
 
26.337 467.83
[1] 495.9209 776.7585 5753956 235
[2] 963.6042 788.6711 4015297 165
 
26.507 463.28
[1] 495.1078 773.4477 5691551 240
[2] 958.0809 790.3227 3979967 164
 
26.669 471.67
[1] 493.4616 777.5523 5670803 236
[2] 964.7476 796.5256 3957589 165
 
26.843 463.6
[1] 494.8352 775.2743 5662192 243
[2] 958.1788 790.6126 3973977 162
 
27.023 467.39
[1] 493.8709 774.4855 5635701 238
[2] 960.9233 792.3494 3958983 162
 
27.194 473.05
[1] 494.14 774.8546 5624036 237
[2] 966.6755 796.8224 3945812 163
 
27.377 465.76
[1] 493.102 779.6972 5574395 233
[2] 958.7088 791.6123 3946477 164
 
27.547 468.91
[1] 493.4014 776.2228 5555143 243
[2] 962.1898 787.0888 3937640 162
 
27.713 465.88
[1] 492.5943 771.5827 5549850 236
[2] 958.0436 791.5131 3924048 163
 
27.887 466.2
[1] 493.4725 777.7227 5542820 227
[2] 959.3108 795.961 3926811 163
 
28.064 465.13
[1] 492.89 772.1081 5576164 236
[2] 957.6197 791.4827 3950971 163
 
28.234 470.23
[1] 495.5675 769.9181 5567378 237
[2] 965.5318 785.6943 3945075 161
 
28.406 470.75
[1] 503.848 766.1793 5552217 235
[2] 974.2544 784.0449 3933642 166
 
28.575 465.02
[1] 503.3718 769.6035 5551234 232
[2] 967.97 789.4459 3937339 161
 
28.743 455.5
[1] 506.8265 766.5074 5573288 234
[2] 961.8386 787.5932 3943213 166
 
28.911 475.53
[1] 501.7509 772.1065 5611274 240
[2] 976.9092 790.8142 3964841 164
 
29.092 468.65
[1] 507.3811 767.9342 5622905 236
[2] 975.5108 790.0371 3973165 162
 
29.273 463.12
[1] 517.4753 764.506 5625929 230
[2] 980.3424 779.7753 3999383 163
 
29.444 475.77
[1] 537.018 739.3936 5487942 230
[2] 1012.5355 754.9621 3934833 157
 
29.619 472.48
[1] 545.6757 748.1936 5490152 231
[2] 1018.1257 753.6423 3924682 164
 
29.788 479.74
[1] 547.3464 742.8609 5445899 234
[2] 1026.762 760.434 3868999 158
 
29.948 462.73
[1] 550.7762 744.8462 5450377 224
[2] 1013.4566 751.6226 3906124 158
 
30.115 465.06
[1] 550.1246 743.1815 5452750 229
[2] 1014.9783 756.9847 3903889 156
 
30.289 466.81
[1] 547.4473 740.5185 5469141 229
[2] 1013.9124 758.5567 3907703 159
 
30.457 458.26
[1] 550.5837 742.7849 5470365 234
[2] 1008.2983 765.0821 3904677 156
 
30.635 459.38
[1] 550.0368 741.6306 5474557 236
[2] 1009.3297 750.4243 3913262 158
 
30.809 466.12
[1] 551.0162 740.1727 5494363 232
[2] 1017.0598 748.7839 3925011 164
 
30.973 467.61
[1] 577.2088 735.0136 5426082 228
[2] 1044.7636 742.2601 3871252 159
 
31.149 472.61
[1] 574.8597 732.8814 5429860 230
[2] 1047.4298 739.1804 3868531 160
 
31.318 466.73
[1] 573.988 733.4616 5411263 230
[2] 1040.655 741.2011 3859649 157
 
31.486 461.28
[1] 572.5861 729.6729 5392868 227
[2] 1033.4837 748.3966 3834080 158
 
31.664 472.28
[1] 574.968 731.1976 5384168 221
[2] 1047.1706 739.8716 3825885 159
 
31.822 464.85
[1] 575.4947 734.0485 5363376 228
[2] 1039.9629 752.8714 3808061 152
 
31.996 466.6
[1] 597.1737 717.4785 5267668 217
[2] 1063.5366 732.4701 3745078 154
 
32.161 460.87
[1] 618.2507 710.4257 5193859 218
[2] 1078.7229 729.639 3696211 152
 
32.329 470.54
[1] 611.9208 720.2782 5173261 219
[2] 1082.2776 733.3283 3682799 150
 
32.504 463.73
[1] 617.567 712.0376 5175784 215
[2] 1080.9254 730.4768 3683060 153
 
32.685 464.66
[1] 616.2432 720.5431 5126783 214
[2] 1080.6964 734.4464 3659334 154
 
32.853 471.4
[1] 611.9165 720.425 5137674 216
[2] 1082.8742 740.7925 3644456 147
 
33.015 463.17
[1] 614.857 718.9122 5128948 211
[2] 1077.8417 731.8421 3658835 148
 
33.179 466.09
[1] 611.2071 726.5918 5126362 219
[2] 1077.2862 730.4167 3666454 144
 
33.346 479.05
[1] 624.8385 711.7413 5077782 211
[2] 1103.7331 723.7507 3592250 140
 
33.526 467.28
[1] 642.3536 703.3181 5031763 212
[2] 1109.2966 720.9546 3558606 142
 
33.693 460.86
[1] 645.9698 706.5944 5020648 211
[2] 1106.7493 715.2858 3552605 141
 
33.864 460.37
[1] 647.7992 707.3137 5029186 206
[2] 1107.9144 722.6033 3550413 145
 
34.034 466.53
[1] 646.1999 708.3764 5023959 213
[2] 1112.3588 727.0719 3539708 143
 
34.199 470.7
[1] 643.1712 703.4413 5020682 207
[2] 1113.538 721.1641 3527378 139
 
34.369 462.1
[1] 645.5151 707.6059 5029079 216
[2] 1107.3681 722.6902 3533413 137
 
34.555 467.56
[1] 644.1765 705.4993 5050073 207
[2] 1111.5305 719.4576 3542784 145
 
34.73 465.25
[1] 648.2562 708.296 5098658 215
[2] 1112.8854 732.3031 3568730 141
 
34.907 473.22
[1] 639.8549 709.0874 5106309 213
[2] 1112.6021 730.2345 3581355 144
 
35.086 470.74
[1] 642.159 704.9393 5096226 214
[2] 1112.2374 729.8913 3545759 146
 
35.249 462.59
[1] 646.671 709.8034 5062289 210
[2] 1108.4196 737.7386 3508401 140
 
35.446 458.2
[1] 646.8689 708.02 5030946 209
[2] 1104.4208 732.3921 3491785 141
 
35.648 468.55
[1] 643.7784 707.882 4992975 214
[2] 1111.9353 727.1172 3490072 139
 
35.848 477.57
[1] 645.3131 707.1624 5000054 213
[2] 1122.5725 724.4097 3476058 133
 
36.022 458.23
[1] 647.6465 709.6842 4985670 212
[2] 1105.5896 725.8637 3492907 140
 
36.194 459.35
[1] 648.6032 710.2134 4970225 213
[2] 1107.5098 730.3795 3479862 140
 
36.372 466.19
[1] 645.9051 708.7035 4945545 212
[2] 1111.9418 720.7256 3473810 138
 
36.559 458.94
[1] 649.1518 711.2392 4916989 207
[2] 1107.442 735.6087 3440435 139
 
36.737 465.06
[1] 647.4126 710.1773 4922597 205
[2] 1112.0358 730.2354 3456857 143
 
36.921 466.57
[1] 648.7315 709.9349 4918359 211
[2] 1114.9562 727.9533 3452595 138
 
37.123 467.57
[1] 646.2725 707.0408 4938468 207
[2] 1113.3098 729.3955 3461038 137
 
37.272 463.37
[1] 645.9868 709.4974 4930852 215
[2] 1108.6216 735.5985 3452046 141
 
37.426 458.33
[1] 651.3654 710.1689 4902492 210
[2] 1109.5664 721.0579 3453578 138
 
37.587 465.61
[1] 646.1623 709.8769 4912714 206
[2] 1111.1132 734.6106 3444739 139
 
37.744 467.01
[1] 645.4119 707.3177 4896038 210
[2] 1111.9313 728.785 3440563 138
 
37.913 464.85
[1] 646.9287 713.1452 4902640 210
[2] 1111.3884 732.1172 3445507 143
 
38.078 458.61
[1] 646.0237 707.7202 4886360 205
[2] 1104.3517 723.8292 3439595 140
 
38.237 461.23
[1] 645.0956 709.3639 4888560 203
[2] 1105.8523 730.3514 3432845 139
 
38.402 464.9
[1] 647.1753 709.2555 4885450 210
[2] 1111.7304 727.1036 3432007 134
 
38.562 465.13
[1] 646.8291 707.1834 4901901 207
[2] 1111.4944 727.9389 3434651 132
 
38.719 453.81
[1] 646.5901 710.8017 4899729 205
[2] 1100.2435 722.9086 3440494 137
 
38.936 467.52
[1] 646.1355 707.3533 4930957 208
[2] 1113.1241 729.606 3450228 143
 
39.101 467.31
[1] 645.0208 711.9086 4938259 206
[2] 1111.8337 733.3711 3456815 139
 
39.254 454.66
[1] 645.778 708.221 4956104 212
[2] 1100.1976 723.001 3468337 138
 
39.424 462.65
[1] 649.156 712.004 4972063 204
[2] 1111.2696 734.246 3474694 140
 
39.59 459.16
[1] 650.764 711.6479 4967750 202
[2] 1109.7561 724.1624 3486021 140
 
39.766 462.65
[1] 646.8143 706.071 5006316 207
[2] 1108.5782 734.7545 3478436 139
 
39.941 466.88
[1] 645.8369 707.3286 5008850 207
[2] 1111.9736 733.678 3488247 144
 
40.105 464.46
[1] 645.9943 709.1396 5040015 215
[2] 1109.812 733.5058 3523478 144
 
40.265 465.85
[1] 647.8236 721.1316 5014478 213
[2] 1113.5855 730.0476 3544545 143
 
40.442 473.85
[1] 639.071 707.8599 5052180 208
[2] 1112.6435 724.2116 3553967 144
 
40.621 472.53
[1] 644.3106 704.2276 5055356 208
[2] 1116.2557 727.7123 3556971 144
 
40.804 469.37
[1] 646.1576 708.7912 5049284 217
[2] 1115.3 723.5489 3570959 147
 
40.979 469.21
[1] 645.7709 708.4933 5055100 215
[2] 1114.5815 727.9102 3576372 141
 
41.137 476.35
[1] 644.7483 712.9629 5022287 211
[2] 1120.5796 735.0942 3529442 143
 
41.306 471.69
[1] 643.7991 710.6656 5042317 212
[2] 1115.208 726.9989 3569271 144
 
41.473 475.93
[1] 646.26 708.0258 5021927 215
[2] 1122.0833 717.8647 3551745 149
 
41.642 470.66
[1] 645.8502 707.0295 5033389 210
[2] 1116.2253 723.449 3562758 143
 
41.823 469.32
[1] 646.3274 707.2986 5055547 210
[2] 1115.2703 726.1124 3577387 147
 
41.988 470.42
[1] 646.3801 709.8625 5076363 210
[2] 1116.2788 731.9062 3591145 147
 
42.154 468.45
[1] 651.315 710.9891 5070188 211
[2] 1119.6592 720.7863 3600858 147
 
42.315 469.7
[1] 644.0389 706.4082 5084211 211
[2] 1113.2005 728.8807 3610928 144
 
42.482 474.91
[1] 643.8996 704.6009 5033361 207
[2] 1118.1277 730.0959 3564581 147
 
42.666 468.6
[1] 640.1543 715.059 4994916 207
[2] 1108.5462 729.1875 3566866 149
 
42.835 461.02
[1] 637.658 714.0351 5044388 212
[2] 1098.5663 724.3372 3609969 146
 
43.013 469.31
[1] 612.1168 716.424 5226421 219
[2] 1081.0688 734.8761 3717141 150
 
43.19 466.18
[1] 613.4509 714.8986 5235165 215
[2] 1079.2848 732.8762 3733470 156
 
43.368 464.81
[1] 613.4505 723.8491 5235873 219
[2] 1078.0269 738.4777 3741453 156
 
43.543 456.83
[1] 609.6264 723.1163 5285635 214
[2] 1066.2735 735.9521 3779859 157
 
43.724 468.89
[1] 589.3185 727.7632 5292698 222
[2] 1058.0176 741.257 3786453 158
 
43.902 457.3
[1] 598.7983 724.7351 5385689 218
[2] 1055.825 740.6742 3825961 159
 
44.079 472.04
[1] 581.651 732.0063 5415957 230
[2] 1053.6623 737.5471 3862922 164
 
44.241 464.99
[1] 578.7972 733.9296 5453314 228
[2] 1043.775 736.7925 3881428 163
 
44.424 453.07
[1] 578.6194 736.6294 5447421 229
[2] 1031.5181 749.0528 3853860 160
 
44.611 453.53
[1] 574.6435 736.0386 5469216 232
[2] 1028.1753 735.5293 3853726 158
 
44.783 456.01
[1] 573.3129 734.3422 5458033 226
[2] 1029.1981 744.9855 3854771 159
 
44.949 451.56
[1] 572.0209 735.3772 5474902 228
[2] 1023.56 740.0435 3862006 159
 
45.11 461.31
[1] 572.7134 735.1772 5494332 237
[2] 1033.8582 747.6376 3879069 159
 
45.273 452.99
[1] 567.9502 736.9721 5513622 227
[2] 1020.8384 746.464 3873639 157
 
45.462 448.76
[1] 572.9485 734.6803 5469360 242
[2] 1021.5681 745.7798 3846453 155
 
45.641 452.24
[1] 565.033 738.1848 5545058 232
[2] 1017.2168 745.0201 3897373 154
 
45.811 460.07
[1] 543.171 756.474 5570327 236
[2] 1003.194 763.2207 3930385 158
 
45.981 462.71
[1] 539.3792 742.8401 5608829 230
[2] 1001.6957 761.9838 3932619 161
 
46.145 466.05
[1] 535.8062 740.4438 5597422 236
[2] 1001.5542 757.0846 3933291 157
 
46.318 463.91
[1] 537.9982 747.6624 5549019 235
[2] 1001.6399 763.3511 3903530 157
 
46.489 467.12
[1] 538.1148 745.3925 5529884 237
[2] 1004.9251 762.2926 3892149 155
 
46.66 457.84
[1] 539.4407 751.6676 5544265 237
[2] 997.1085 764.2793 3898022 158
 
46.844 464.71
[1] 528.371 752.9006 5514998 231
[2] 992.7236 771.146 3874823 155
 
47.015 452.03
[1] 529.5106 758.1694 5454437 234
[2] 981.347 771.4127 3830436 153
 
47.188 465.85
[1] 529.8781 751.0225 5470888 230
[2] 995.5623 763.6134 3849719 154
 
47.364 463.44
[1] 530.967 754.7754 5435238 232
[2] 993.6651 780.9174 3800469 154
 
47.532 463.61
[1] 529.1986 752.4327 5426252 232
[2] 992.3406 773.2874 3816020 159
 
47.711 465.85
[1] 520.9497 758.782 5423443 234
[2] 986.3814 778.4223 3811663 160
 
47.886 461.41
[1] 524.3724 761.2557 5420958 224
[2] 985.5656 775.2479 3817276 154
 
48.058 452.9
[1] 524.7085 761.8131 5412833 225
[2] 977.1839 781.398 3806756 155
 
48.224 457.87
[1] 520.6391 758.2547 5475650 238
[2] 978.1858 775.3733 3850108 159
 
48.392 457.19
[1] 522.952 762.2089 5515626 236
[2] 979.9264 776.1305 3879148 157
 
48.564 467.23
[1] 508.5259 770.8959 5585875 233
[2] 975.4453 788.0027 3909100 154
 
48.745 462.63
[1] 502.7738 764.0779 5591126 233
[2] 964.9418 784.6364 3915003 158
 
48.929 453.33
[1] 507.1164 770.2714 5597885 233
[2] 959.9971 790.4781 3921808 154
 
49.101 459.04
[1] 502.5261 760.7826 5583202 238
[2] 961.1303 780.8198 3923641 159
 
49.262 463.47
[1] 500.2695 772.8492 5560975 233
[2] 963.6062 784.0048 3921576 158
 
49.427 450.75
[1] 505.4901 769.1003 5551550 232
[2] 955.984 784.2997 3905535 156
 
49.599 467.7
[1] 497.4657 774.9842 5515205 239
[2] 965.0967 783.1266 3881345 160
 
49.792 462.84
[1] 501.3071 772.0554 5475209 234
[2] 963.9647 785.102 3857858 156
 
49.962 461.61
[1] 503.2166 772.7945 5466098 229
[2] 964.5244 789.4166 3843794 159
 
50.135 462.25
[1] 506.3869 767.4876 5444306 227
[2] 968.4349 781.0703 3834567 152
 
50.298 463.79
[1] 500.8146 780.9893 5407200 231
[2] 964.5645 787.237 3823794 156
 
50.462 455.91
[1] 492.1618 778.8689 5447636 233
[2] 947.871 792.3888 3838282 156
 
50.631 471.5
[1] 477.2736 790.0958 5454953 241
[2] 948.6509 800.8673 3834257 150
 
50.801 472.99
[1] 478.5825 787.1324 5457268 228
[2] 951.4944 795.8252 3825189 150
 
50.976 471.46
[1] 480.5857 788.2 5420541 229
[2] 951.9939 795.2405 3806825 149
 
51.142 466.38
[1] 477.2934 783.8497 5414327 233
[2] 943.5242 795.8101 3814674 155
 
51.299 467.6
[1] 481.557 785.3996 5393119 229
[2] 949.0956 792.7287 3791384 152
 
51.464 458.19
[1] 484.9267 786.0632 5387100 231
[2] 942.9867 796.9516 3796112 155
 
51.629 471.01
[1] 477.4106 786.5971 5362176 230
[2] 948.3486 794.9858 3780038 156
 
51.807 475.64
[1] 476.924 788.6259 5366412 225
[2] 952.5103 795.5272 3766485 154
 
51.973 472.28
[1] 476.9743 788.2612 5361257 226
[2] 949.1925 795.898 3774067 150
 
52.132 474.52
[1] 479.4493 787.4516 5353158 225
[2] 953.8116 799.5603 3749208 149
 
52.303 475.41
[1] 477.9307 778.8252 5367225 230
[2] 953.1028 793.7972 3768918 155
 
52.474 471.53
[1] 477.1923 787.1972 5349800 226
[2] 948.6888 792.8715 3774834 154
 
52.641 475.38
[1] 477.4471 788.1182 5377391 228
[2] 952.7809 795.0292 3779428 153
 
52.82 472.66
[1] 481.3389 789.8216 5369286 227
[2] 953.9326 797.6763 3775439 147
 
52.986 466.89
[1] 479.6781 783.645 5386932 230
[2] 946.5124 791.057 3800877 150
 
53.144 464.69
[1] 492.9151 777.2948 5372186 220
[2] 957.4858 787.7246 3785095 148
 
53.326 471.2
[1] 506.3809 748.0951 5344216 227
[2] 976.9424 772.685 3771909 143
 
53.496 464.87
[1] 511.4728 755.4252 5358146 225
[2] 975.977 773.8077 3778459 151
 
53.673 464.35
[1] 508.8691 751.558 5373279 228
[2] 972.8257 770.7291 3792170 148
 
53.842 465.58
[1] 513.9895 756.375 5371827 225
[2] 979.1983 774.9165 3785033 153
 
54.01 464.78
[1] 510.5339 765.6728 5371894 224
[2] 975.2313 774.3793 3804772 157
 
54.168 472.83
[1] 511.0658 765.0479 5354792 223
[2] 983.4648 785.3047 3753294 153
 
54.325 465.43
[1] 514.6983 757.1963 5382653 229
[2] 979.7782 775.1229 3799935 152
 
54.485 457.96
[1] 519.7643 758.017 5394012 227
[2] 977.2738 778.3133 3826816 149
 
54.655 464.33
[1] 510.9463 765.3639 5383803 226
[2] 975.2035 773.4429 3840804 154
 
54.822 463.7
[1] 513.9522 762.8701 5404586 224
[2] 977.4375 777.0577 3856947 146
 
54.999 470
[1] 508.5561 758.2334 5417980 229
[2] 978.0905 779.1197 3868934 156
 
55.163 458.65
[1] 509.7539 763.2451 5439700 225
[2] 967.9595 783.4808 3886454 152
 
55.334 458.79
[1] 515.3171 763.2489 5441659 227
[2] 973.734 781.6294 3899617 158
 
55.493 462.12
[1] 517.5433 764.9836 5458009 230
[2] 979.484 777.9722 3922789 156
 
55.659 456.28
[1] 515.9355 754.6884 5494699 234
[2] 971.833 773.3683 3952901 152
 
55.827 461.82
[1] 514.1638 764.1921 5503199 231
[2] 975.8476 775.4977 3964461 159
 
55.991 467.05
[1] 514.4577 761.0799 5534773 231
[2] 981.2307 777.1804 3984738 154
 
56.15 461.97
[1] 509.3453 760.4947 5552651 233
[2] 971.1285 773.6305 4011790 156
 
56.305 475
[1] 506.1386 756.5689 5564854 229
[2] 980.6413 778.3522 4008816 157
 
56.487 462.73
[1] 514.3194 762.0866 5551854 232
[2] 976.7568 778.5946 4007844 157
 
56.653 466.3
[1] 511.0329 760.9146 5564505 238
[2] 977.1324 774.6907 4022674 155
 
56.816 469.26
[1] 511.0333 765.4764 5560998 231
[2] 980.0447 780.8778 4011781 153
 
56.982 459.12
[1] 517.8678 761.2419 5560885 229
[2] 976.5562 781.0471 4011903 156
 
57.14 463.09
[1] 508.9845 757.3796 5546798 226
[2] 971.6438 777.2781 4011293 152
 
57.303 458.03
[1] 519.3765 763.3825 5519675 229
[2] 977.1118 779.9028 3990685 151
 
57.467 453.45
[1] 522.4778 761.3477 5482652 230
[2] 975.6538 777.0231 3974057 159
 
57.639 470.26
[1] 510.8633 760.8774 5495511 227
[2] 980.8879 775.8758 3967726 156
 
57.806 454.32
[1] 521.8877 759.7221 5452358 228
[2] 975.985 773.8753 3965590 150
 
57.964 473.11
[1] 508.5117 758.4232 5457192 229
[2] 981.1046 780.6425 3937307 150
 
58.132 470.07
[1] 512.6509 757.0676 5410530 227
[2] 982.4235 773.9031 3916124 152
 
58.303 461.63
[1] 516.075 764.0863 5355726 225
[2] 977.4273 779.9697 3889080 151
 
58.486 467.31
[1] 509.0827 760.3637 5319902 220
[2] 976.1901 773.9552 3875560 149
 
58.657 482.75
[1] 510.6935 767.4294 5311688 219
[2] 993.1447 784.3494 3824647 148
 
58.837 470.39
[1] 512.931 760.9701 5362060 222
[2] 983.2315 770.2556 3895096 147
 
59.004 466.73
[1] 510.6762 764.4447 5388008 222
[2] 977.2966 774.6373 3928023 150
 
59.165 465.58
[1] 513.9506 760.0847 5467152 225
[2] 979.2648 775.9134 3962117 151
 
59.335 467.02
[1] 510.3468 760.5898 5476964 228
[2] 976.987 779.3471 3958449 155
 
59.501 481.87
[1] 516.6749 766.6523 5453315 227
[2] 998.1925 785.0937 3872872 157
 
59.669 478.71
[1] 510.6814 764.2922 5410789 220
[2] 989.3253 771.9749 3905982 151
 
59.84 468.86
[1] 511.0808 765.9369 5425537 224
[2] 979.5999 783.7367 3924865 154
 
60 462.67
[1] 513.1699 762.1122 5444255 227
[2] 975.7229 772.4483 3948419 154
 
60.157 469.08
[1] 514.1682 764.813 5457195 230
[2] 982.8179 784.8422 3927857 157
 
60.319 473.21
[1] 515.6787 763.3103 5432957 222
[2] 988.6628 778.0605 3910479 157
 
60.488 458.1
[1] 519.2001 762.5715 5453309 224
[2] 977.0237 778.3555 3951990 153
 
60.661 468.64
[1] 518.204 760.055 5515229 227
[2] 986.5491 776.8155 3960464 158
 
60.836 465.33
[1] 515.8797 765.9286 5517138 223
[2] 981.1442 773.7641 3980392 159
 
61.007 460.51
[1] 518.0887 759.9685 5547919 231
[2] 978.1857 779.3503 3993955 154
 
61.167 474.49
[1] 510.713 765.0011 5576487 232
[2] 984.93 781.1382 4003455 156
 
61.327 465
[1] 511.1335 755.2333 5641464 232
[2] 975.6401 776.733 4058714 164
 
61.499 459.3
[1] 514.2774 762.3572 5630448 231
[2] 973.4757 772.1508 4063680 164
 
61.676 468.86
[1] 510.7184 765.7489 5590431 231
[2] 979.0924 787.0561 4002385 158
 
61.843 462.13
[1] 514.2872 758.321 5541470 228
[2] 976.1899 772.9526 3992762 156
 
62.004 466
[1] 510.7339 765.1736 5512686 228
[2] 976.5274 779.123 3974581 162
 
62.174 461.71
[1] 515.0422 757.5056 5511205 234
[2] 976.4605 774.0035 3977477 159
 
62.348 474.94
[1] 506.1315 759.1029 5488543 227
[2] 980.4478 783.4112 3955840 155
 
62.522 456.99
[1] 518.6902 761.1895 5469971 222
[2] 975.5473 772.0476 3956552 158
 
62.693 462.48
[1] 517.4467 760.8548 5464950 230
[2] 979.5458 779.5416 3938802 158
 
62.868 457.54
[1] 520.5714 758.2874 5480604 226
[2] 977.7273 777.1179 3955254 157
 
63.028 468.25
[1] 510.9054 768.0619 5480182 223
[2] 978.9872 780.6596 3956670 158
 
63.199 452.72
[1] 522.5303 761.163 5518380 233
[2] 975.1186 771.9675 3988813 161
 
63.362 461.91
[1] 515.1013 760.6455 5572156 225
[2] 976.6508 778.8404 3999278 161
 
63.543 464.05
[1] 511.2549 765.6598 5584288 229
[2] 974.9781 783.0176 4007989 163
 
63.724 459.86
[1] 516.9644 761.6197 5533529 227
[2] 976.5518 777.4525 3981574 158
 
63.902 456.27
[1] 518.3101 760.964 5542092 229
[2] 974.4125 773.4777 3988042 163
 
64.082 454.42
[1] 522.4675 762.2331 5564747 232
[2] 976.6278 777.4496 4010114 159
 
64.244 468.29
[1] 510.8676 767.6217 5618535 239
[2] 978.8322 785.0668 4033112 162
 
64.41 455.54
[1] 522.3331 762.3087 5658370 238
[2] 977.6398 776.9022 4066733 160
 
64.58 464.6
[1] 511.2399 756.3039 5698671 237
[2] 975.4677 774.892 4084041 161
 
64.865 457.02
[1] 517.924 760.8963 5740610 235
[2] 974.4013 783.1599 4104592 164
 
65.048 460.77
[1] 516.8966 759.8386 5711649 236
[2] 977.2629 779.1527 4089166 162
 
65.232 463.52
[1] 510.8172 766.9165 5681678 233
[2] 974.0667 782.7286 4071360 164
 
65.401 454.9
[1] 518.1733 760.124 5638027 236
[2] 972.6846 778.8203 4042304 163
 
65.587 461.36
[1] 510.892 766.7272 5590376 230
[2] 972.0218 781.176 4019380 161
 
65.759 457.05
[1] 511.3505 766.9183 5594038 229
[2] 968.2566 778.4844 4020948 161
 
65.926 449.58
[1] 522.4989 762.9964 5599675 234
[2] 971.9116 775.2022 4028241 160
 
66.086 466.89
[1] 511.1939 766.3141 5658991 231
[2] 977.9006 779.4596 4061026 163
 
66.253 466.54
[1] 512.2235 756.5117 5694307 237
[2] 978.3618 775.8335 4081115 163
 
66.428 465.44
[1] 512.7168 761.8813 5735020 240
[2] 977.8167 779.7899 4101587 163
 
66.596 465.87
[1] 514.2469 753.4665 5734486 240
[2] 978.8856 787.377 4092482 164
 
66.767 458.23
[1] 522.2311 764.6231 5738296 243
[2] 979.8172 788.9489 4103001 162
 
66.938 467.83
[1] 510.6791 765.2105 5729871 239
[2] 978.2942 779.4386 4108380 163
 
67.11 463.82
[1] 516.5452 759.8021 5742186 236
[2] 979.69 784.9017 4104476 165
 
67.271 465.19
[1] 514.8378 766.6768 5719483 233
[2] 979.5669 787.4486 4090471 163
 
67.438 460.25
[1] 517.6768 762.3387 5698653 241
[2] 977.478 782.7522 4090752 169
 
67.609 462.67
[1] 518.5509 762.8779 5673502 239
[2] 980.4426 789.7343 4059493 169
 
67.78 460.19
[1] 518.2771 761.5795 5702339 239
[2] 978.1044 779.7857 4095719 167
 
67.946 463.07
[1] 515.0702 758.8286 5681786 237
[2] 977.7155 778.7627 4077281 166
 
68.108 456.54
[1] 521.624 762.4349 5625735 235
[2] 977.6909 783.301 4050465 167
 
68.268 466.56
[1] 513.6595 763.664 5630550 234
[2] 979.598 787.7378 4038150 171
 
68.436 452.1
[1] 521.9414 763.1808 5619525 237
[2] 973.5363 784.5672 4048955 167
 
68.619 468.09
[1] 509.1289 758.6834 5635811 235
[2] 976.72 780.3718 4052090 164
 
68.804 460.79
[1] 518.9349 765.0085 5614383 231
[2] 979.1156 788.6895 4030051 168
 
68.973 459.25
[1] 516.6386 764.6253 5590811 230
[2] 975.6929 777.9973 4031418 165
 
69.13 462.17
[1] 517.8529 760.1458 5574360 232
[2] 979.534 781.4997 4013282 162
 
69.308 459.31
[1] 518.2804 766.2628 5569090 235
[2] 977.3458 781.3285 4019918 165
 
69.477 451.76
[1] 521.8008 761.6625 5566827 238
[2] 973.4281 772.7733 4026346 163
 
69.643 468.21
[1] 510.641 766.7181 5573553 228
[2] 978.4577 785.9785 4008640 164
 
69.813 467.24
[1] 510.5948 756.5534 5581243 237
[2] 977.2967 778.9262 4013352 161
 
70.003 459.38
[1] 518.549 763.8254 5553891 231
[2] 977.4382 785.0036 3999845 160
 
70.163 455.94
[1] 516.5587 762.8423 5559858 229
[2] 971.9951 784.2371 4002119 164
 
70.333 454.67
[1] 516.5338 764.0102 5560088 234
[2] 970.6607 786.1806 3996674 164
 
70.495 463.17
[1] 511.2893 755.8758 5565293 238
[2] 973.8986 778.6896 4004655 163
 
70.672 460.98
[1] 516.0636 760.5873 5557254 236
[2] 976.6134 780.4982 3999761 158
 
70.85 461.66
[1] 517.8636 760.5949 5514659 229
[2] 978.7626 787.1535 3961571 163
 
71.022 467.77
[1] 510.533 756.3327 5498225 230
[2] 977.7883 778.2082 3966302 164
 
71.188 451.61
[1] 519.9413 758.3148 5480071 229
[2] 970.7521 785.1299 3944702 158
 
71.343 460.41
[1] 516.6202 762.0767 5480845 233
[2] 976.6608 780.5538 3953786 161
 
71.504 463.57
[1] 510.5643 766.7196 5486608 228
[2] 973.8908 781.6356 3960907 165
 
71.685 451.68
[1] 520.1788 767.4729 5454007 235
[2] 971.6216 782.2503 3944500 161
 
71.854 456.01
[1] 521.6761 762.773 5455239 233
[2] 977.3474 780.3364 3950924 157
 
72.031 466.99
[1] 508.4288 761.8437 5449119 230
[2] 975.0784 779.6306 3938878 161
 
72.198 458.76
[1] 518.7684 760.6895 5452393 231
[2] 977.1174 779.9943 3943208 154
 
72.368 458.41
[1] 517.9922 761.0852 5437965 225
[2] 976.1715 775.719 3937777 159
 
72.531 457.24
[1] 511.1651 766.0246 5443598 226
[2] 968.2395 778.2521 3939702 156
 
72.709 466.71
[1] 506.2292 750.3609 5465854 236
[2] 972.1313 777.841 3958020 160
 
72.897 461.61
[1] 517.0328 764.1965 5518626 236
[2] 978.1911 784.5606 3974787 160
 
73.07 460.31
[1] 517.8406 759.3105 5495472 233
[2] 977.7203 779.308 3957862 156
 
73.235 459.6
[1] 517.9437 759.6028 5492515 230
[2] 977.3224 773.8388 3960906 164
 
73.392 464.15
[1] 511.2328 765.6397 5474698 228
[2] 975.2567 776.314 3952978 159
 
73.555 450.64
[1] 522.3821 761.1171 5457309 233
[2] 972.6989 778.2046 3939070 158
 
73.733 447.32
[1] 519.3714 764.8064 5453989 228
[2] 966.3282 782.901 3921436 160
 
73.898 457.21
[1] 517.1477 762.0512 5417613 229
[2] 973.9201 782.1071 3905908 162
 
74.065 462.81
[1] 510.8468 761.9089 5400646 228
[2] 973.4487 775.7103 3900174 158
 
74.247 456.53
[1] 519.4261 762.4411 5389781 223
[2] 975.674 778.6083 3890770 157
 
74.412 467.45
[1] 511.632 767.4107 5361848 223
[2] 978.7503 784.9046 3853261 158
 
74.571 457.49
[1] 512.1054 765.2738 5349424 222
[2] 969.2084 784.1062 3830067 155
 
74.737 451.94
[1] 522.643 763.0719 5346820 222
[2] 974.0821 784.3882 3856461 154
 
74.899 455.99
[1] 519.8202 763.0562 5348659 229
[2] 975.4101 782.2314 3863556 159
 
75.066 455.62
[1] 517.3716 761.8059 5346210 226
[2] 972.6279 780.0018 3868189 154
 
75.219 458.3
[1] 511.4255 765.5335 5318096 218
[2] 969.3416 784.1727 3846008 157
 
75.373 443.3
[1] 520.9848 762.6972 5290683 216
[2] 963.5342 788.4964 3798730 155
 
75.533 444.13
[1] 519.7029 766.2152 5278413 222
[2] 963.2693 788.5531 3789125 156
 
75.698 450.07
[1] 518.6811 760.2607 5257564 224
[2] 968.1172 784.1433 3776429 153
 
75.872 452.43
[1] 517.9999 761.3398 5252561 218
[2] 970.1486 777.1909 3774714 147
 
76.049 452.48
[1] 519.1669 762.1962 5277166 214
[2] 971.4869 774.0818 3792419 150
 
76.207 453.81
[1] 517.1829 763.9454 5320547 224
[2] 970.6711 781.0347 3809580 153
 
76.381 457.33
[1] 519.583 763.2564 5329756 226
[2] 976.6065 779.9178 3818297 146
 
76.554 442.72
[1] 522.4869 762.4826 5343135 227
[2] 964.7922 781.7408 3810875 155
 
76.747 460.44
[1] 507.091 762.1725 5357467 224
[2] 967.2814 777.2817 3825797 149
 
76.917 451.94
[1] 519.4135 760.2641 5415287 232
[2] 971.1407 774.2756 3868936 156
 
77.084 451.25
[1] 514.2305 751.479 5450905 228
[2] 964.9119 774.202 3877428 155
 
77.26 457.69
[1] 512.7496 763.6423 5511466 233
[2] 970.0865 781.628 3925506 158
 
77.428 452.8
[1] 519.408 759.5291 5517603 234
[2] 971.7298 780.4098 3938035 156
 
77.604 461.54
[1] 516.2333 758.6769 5577136 239
[2] 977.3082 779.4831 3982649 160
 
77.787 460.1
[1] 515.3026 764.6955 5572548 231
[2] 975.3252 773.1825 3990489 159
 
77.98 445.59
[1] 522.1937 762.2908 5602270 236
[2] 967.5194 777.6856 4000727 154
 
78.157 449.69
[1] 522.2259 760.6749 5610687 235
[2] 971.6315 776.7733 4006953 154
 
78.325 467.97
[1] 510.7434 765.9069 5636156 234
[2] 978.3848 783.4052 4010528 161
 
78.485 472.88
[1] 512.6014 758.0917 5667403 232
[2] 985.0627 778.0756 4018853 156
